11Ιί

11, 1010. 11. 11, 10.1. 10. 1, 1.
1.1. 1,1.11.1,4.10. 1111,14.14.
11. 11, 1. 10

Fugul 1, 0.1

rugato· 111, 1. 11. 111, 1. 11

Fuguuit 1111, 1. 11

fugent 11, 4. 10 ,

rugen 1111. 1111 11, 11. 11.
1011012171 iv, ω· 8101081181 viii,
11. 01. 11. 1. 11

Fugerunt iii. 0. 14. 1, 01

fugium 1, 0. 11

1111311011 1111, 1. 0

Fugiebut 11, 1.1

0111111111 111,1.4

fugiendum 11, 10. 10

rugiam 10, 1⁰· Ἅι V, 81 81 ’,18111
11111. 1. 1111, 11.1

rugiente· iii, 0. 1011111. 11. 11,1.
14. 11, 10. 11. 11, 10. 11. 10. 1, 0.
10. 1111, 1. 10. 11,0. 10

fugienti 11, 4. 11

Fugientibus iii. 0.1. 111,11.11.10.10.
iv, 10. 0. 0. 11111111. x, 1. 11

fugientiu iv, 10. 11

fugientium 11, 11. 11. 11, 10. 1. 10.1.
11. 11. 1111, 14. 10

Fugimuu vii, 0. 11

fugimus 11, 1. 10

Fugitivi 11, 1. 11

rugimus 111. 4. 10

Fugiunt 11, 11. 10

1111111111.. 11. 11

01111011 111, 1. 0

fulgentem 111, 10.0

fulgenti· 111111 {amatumque 11, 1.
10

0113110011 111, m 11,4.11. 1, 4.

fuiget· Vffi, 01 ⁴

fulget 111, 1. 11

1111301 11, 11. 14. 11, 11. 1. 111, 011

Fulgore iii, 1. 1. 111, 11. 11

fulgorem 111, 1. 1. 11, 10. 1. 11. 14· ²⁴·
11, 1. 11

11131111 1111, 4. 1

0111111111 1111, 4. 4

F 1111111111 11, 0. 14

fumum 111, 11. 10. 1111.4.0

01111111 11, 0. 10. 1,1.1. 11, 0.10. 111,

01111111 111, 1. 14 “

Fundi 11, 14. 0

1110111111 1, 1. 1011. 111011. 1,

1111111111. imo
1111101111 11, 4. 10

fundaverunt open 1, 10. 0
fundendum 1, 0. 11

{milix

1111111111 1111111111111111111, 11

Fundis iii, 1. 10. 1, 0. 10. 111, 0. 1.
,1111111

funditore viii, 11. 1

0111111111 iii. 0. 1. 11

Funditus 1111, 1. 10

01111111 11, 1. 10

fundum iffi· ⁸» 0 ι

funduntur 11, 1. 10

Ffflboe' 1, ⁶0⁵

Funere 11, 8. 0

runai 11, 1011. 11. 0. 10

Funerum 111, 11. 14

iune- 111, 11. 11

Fungebtnuu 111, 0. 11

fungebatur 1, u. 11

Fungentur 111, 1. 14

funibus 11, 11. 14

1111111111 111, 11. 10

Funus 1111. 1. 40

1111111101. 1,0.0

Fui-eutem 1111, 1. 40

1111101111, 0. 0

Furem 11, 1. 10

Furia 11. 10. 14

1111111111, 1. 11

11111111111. 11

1111111 1, 1. 0

1111111, 4. 10(“111111111)11,11. 4

“ 11111111ωο111,11.1

0111111111,11.0

rum 111, 11. 0. 11, 4.10

run· viii, 14. 4

1111011111, 1.10. 1,1.0

Futuro 11, 0. 0

Futurum 11, 0. 4. 111, 10. 0. viii, 1.1

11011111,11.1.11,14.10. 1, 11. 11.
1, 0.1

1111111111, 0. 4. 1.11.0. 11. 0. 10

rutum iii, 0.1. 111, 10. 0. 11111.
1, M. 11. 1,0.1.11. 1,0.0. 1,

011
&tumme

G.

Gubuu viii, 4. 1

684100 iv, 01 ²⁰

(111111 1, 1. 11

61190 V, ¹⁸· 2⁴· 011101 ῃ
Galeam ix, 1. 4. 11,1.1
611111 x. 1. 10

(imm 1111,11. 4
ung-bu iii, 11. 1
1111111.. 1., 1. 1
(3¹0ssOE 11, ,a ²· il, ⁴0 ⁸· ”o n
G ssffl, 9101 ⁸

G nt 1111, 0. 10

 

