1uuwmwm

ο.ρὶ.111.1.1.1,1.11

0111111211,1..’811,2.2. 11,2,22.111,
2.22.111,..11111,2..2.1211,2.
1.1,.222 12221111111,1.12

02112211122.11

0211211111, 2, 12. 1, 8, 22

0111122111, 2,.1 11,221.111,2.11

0211121111, 1. 11 ·'

011122112211,2.2

cupientium, 2. 1

0211121211,2,12

0111111111, 2,12

01111, 2, 12. 1,2. 11, 1,1,2

0111122111.1.,..·22..,11.1.,
2,12.111,1.1

0211211, 1. 21. 11, 2. 22

0211211112112122211, 222.
11,.,1121111211221,2.22

02112212211121111, 11. 11. viii, 2, 12

Curandum 2211121 111, 2. 12. 111,11. 22

0211211, 22

0211211221112111,1.22

0211221111,1.21

0211122211211 111, 8. 22 (11121112)1,

2121111112. 12

02111212 1111, 2. 12

0211112211 11, 2. 22

0211111 viii, 11. 12

02111111,2.2,11,2.1.1,12.2

, 0111111111,11.12.1111,11,1

0211111121 111, 1. 2⁵

0211111111,2,2

0211112 111, 2. 12

0211211,1.1.11,11,2.22.11,1222.
so. ..111, .,11. 12

0211212111,2.11. 111, ΙΙ. 1. 11, 11, 12,
1112221,1121111222

0211221111, 12,8.11,8.1

021121(112.”)111,2, 12 (11121.’)11,12.
2,12. 11, 12. 21,’ 11, 11. 11. 11, 12.
2.12.1111,12.2. 1111,11.1.2 11,
12. 22

011112 111, 2. 1. 111, 2. 12. 11, 11, 22. 11,
101261 Vi, l· 12. 7111, 5· 19

0111121211,1.2, 11,2.11. 11, 12. 21.
V, ¹⁸· Ν· 711, 21 28

Cursori· 1111, 11, 21

01111211,12.2. 111,12.1. 11,2.11. 11,
11112211

0211112 viii. 11122

02111121 1111, 11. 22

cumbum 111,1. 2

0211112111112. 12

02111121121111.12

custode V, δι’. 21101 ’1

02121...,1.112211111..,11.2.,
12,.22111,8..221111221111,.1

11,112,.221..1,21

XXXV

custodivi, 1. 12
Custodinivffllu 11,.112 111121211-
portuuimiwiii‚ 12, 12 ·
0211211212,..1111,2.12,1,1221
Caudium 11,2,12 corporis 1, 1,12.
1,1.11,1,11,2.11,1.2 ’ “
cufflbn· 17. ⁶0 ¹⁹1 inu-1⁹· ,11171 .
91 7111161211 1116141 Χ, ²· ²⁰
Custodiebat 11, 12. 21 “
custodiebantur 11, 12. 22
εὓηῦἀὴδιω 1,, ¹⁰· '⁵0 vuaso
0211221122221111,12,1 · · ·
Custodum 11, 12. 2, 11, 212

2111211121. ., 1. 12. 11, 1111. 1.,

0212111111,2.22
0111221111μ-,μ1111121 ,
emamus. 12
011112122111,2.11.11,2,11 1,1.12
21112121. 11

0111122111, 1, 21

01122121121211, 1, 2
0111121121.11,2.12.111,2.1.1,
0112122211. 1, 1. 22
022112ῶῶ2111
01121211,12.2.111,2.2

Cyrus 111. l. 1, 212, 111,2.11

D.

1111112112 112112211211,2,12
1112111, 2. 1 ·
1112122111, 2. 8

1111111212 11, l. 11 (1211211, 11. 12
Dubius 111, 11. 11

v Dubo nobiliumn ignobilibus 12211 11, 2.

1121111...ι,1212

11111211,122 11, 22, viii, 1. 2, viii,
2.12,1111,112

1111111111, 1. 2. 1111, 2. l

1111111 viii, l.8

Ι)1121121111,11.2

Dm 111, 81 ¹²· 1111121821 1111181
1,11,1,1,11,11.11 ·

11211212212121

nummu· 11 2, 21

1112121121,12.11,11,12.2.1,1.12

1112121121111, 22

1111122111, 11. 22

. 1111221111, 121. 11,1.2 spe 111221

212121121122122, 2. 21
1112211221νί, 2, 22
11....2...1,12..,11.1,11,12

namuurum 11,2 12

 

