,11 q. 1111111111.

11111

Dauum 11, 11. 11, 111. iv, 11. 111111111111111
11..11,1.11. 111111. 111111. Edicto emim 1. ..ω noctem 1.,

1,10. 10

12. 14

111111,2.11. 1, 1. 11. 42. 1, 1. 8. 11, 1111111111 11, 12. 22. 1, M

4. 4. 10. 111,10.11. 11, 2.4

1111111111, 11. 22. 11, 12. 0. 1, 11. 11.
11, 0. 21. inme. 1, w

Duodecim 111, 2. 12. 11, 1. 18. 11, 2.

Duorum 11, 0. 22. 11,11.20. 1, 1. 21.
11, 0. 1

11111 11,0. 1. x.1.81

11111111 viii, 4. 14

1111111 11 tanto n'gore tem 111, 1. 10

11111111 in 111111 11111111 corpori· 1,

1111111, 1. 04

1111111111,10. 10 igne 11111111 111, 2. 11

1111111111,1. 11

1111111111 fidem 11111111 1111, 0. 11

11111111111 (obduraverunt) 111, 2. 1

1111111111 iii, 4. 10. 111, 1. 1

11111111 111. 11. 10

11111111 viii, 10. 21

11021,4.10. '5 111 11 Vi, 111 ⁸²· VH,

11111111 1111, 12. 11

1111111111 11, 1. 24

Duxi 1, 2. 12

1111111111 1,1. 10

11111111, 1. 10

1111111111 1111, 0. 0

11111111111 11, 020. 11,0.0

Dymno Vi, 101 ²⁰· Ἠ

Dymnum 11, 1. 24. 11,0.1. 11, 11. 20

11]11111111,1.2.0. 8. 20. 04. 11,0.11.
1111

Ε.

Ε 11, 1. ΙΙ 1111111111 unguine 1111, Μ

1..,1.11..,1.11.,111..,1.1.
2111,0.11111111111111,12.10

Εᾶἁθω iv, 11 ”a 11, u· '⁰0 V, 116· '1
2. 0. 1 011. 1, 0. 11. 1, 2. 10

Eandem 11, 11. 11

Ευ1111111,12.12. 1, 1. 22

11111111111. 11,1.2

Ε11111111 1, 1. 11 dison! 1111, 0. 1

Ebrietatem, 117

Ebrio 1,1.1

Ecbatana 11, 1. 0. 1, 0. 1. 111, 10. 10

Ecce 11, M

1111111111, 2. 11

Edu oraculum 11, 1. 24

1111111111 comen 1111111111 1,1.0

1111111111 11 vulgus 111, M

111111 1111111111 11, 11. 10 -

Edfflflfflt 1, 81 10

1111111111,1. 11. 11, 10. 20. 1111, 2. 21

1111111311.) 11,10. 1. vii. 11. 12.
ix, ⁶. ¹⁶ mumulo ,1191 ¹8 mon·
11111 11, 0. 21 11131111μ111,1.21

ωἶᾞοῗιᾞ stiffi?
Ἰ ' Ι

1111111111 11 11111111111111) iit, 1.
7 ο11111111111111111,1.10

1111111 (1111111) 111, 0. 22

2111111111 111, 0. 21

1111111111. vii, 11.11 11 1111111111
altitudinem 1111111111 11, 1. 0

ndito 1111111111 111, 1. 1 11111111 1, 11.
10 gemitu 11,·7. 20 open vittatis
viii, 14. 21 (excelso) 11, 12. 18. 11,
12. 21. 111,1.12

1111111111 1111111111 1, 4. 21

1111111 21111111 (nacitur) 11, 1. 1

1111111111, 0. 22. 11, 11. 20. 1111, 10.Ι 20.
1, 20

mount 11, 12. 21

1111111111 11, 10.1

2111110111 111, 2. 21

011111111ὶί1, 12. 11

mutuent viii, 1. 21

111111111ἱοί1 11111111 11111111 1, 1. 10

1111111 11, 0. 21

1111111111 1, 4. 20. 111, 1. 8

Edunt palium 1, 4. 01

1111111111 viii. 10. 10

1111111111, 1. 21. 11, 1. 2. 110111 11
111111 11, 1. 21

21111111 iii, 1. 20

1111111111 111,2.1

“ 01111111, 1.20

meet! Vfi, 81 8

Effectum 1111, 12. 22

1121111111 111, m

Effenimmm 1, 1. 20

monimum 11, 'a 11

11111111111111, 11. 11

1111111111 11, 1. 7

2111111111111111111 111111 1111, 2. 10

1111111111 ingena 11111121 11, 10. 0

menet 11, 1. 2

Effffli (affl) 151182.

1111111111 omi 1111 1111111111 11, 2. 24
11 11111111 1111111111 1111,4.11

ffifflffl Vm. ⁸0⁸ ‘

mucia! 11, 101 1

mm 11, 1. 11 -

Effici 1111, 2. 20

mu. 11, οι u

Efficiendi! Ι, 'nl

 

