1111 11111111. ’111

1111111111111.11.1,1.11 1,7. 15. 5111111111, 5.]
11,5.9 51111111111155511111515 1,.1
511111111111111 1. 9. 111, 157 55
51111111(1111.)111,5.19 511115111111,5.7.111,7..51 1,.711
Athenodorum 11, 7. 5 51111511111111, 19. 55 &vi-imi· m
551115111117. 5 1111511111 111111 11111111 1111,5.15.
5111111111111, 1. 55 11, 7. 5
5111111111, 11. 19 5111111’1,7.15
51111111111111. 55 51151111 ,1.5.1111,15.15.11 ,
5111111111, 5, 15 5111111111 11, 9. 55. 1111,11.11. 11, 5.
1111110119. 17 19
111111...11,1.11 11111. 111, 11. 1111111111
21 Audebunt v, 5. 55. 1,8.9
51111111 11, 15. 51 5111111111, 1519. 111, lu
5111111111 11, 7. 9 5115111111 11, 5. 15
511111511111111, 7. 51 5115111 11, 19. 59 8⁹
5111111151 Auderem· 11, 11. 55
5513111111, 5. 55. Auderem 111, 15. 9. 1, 1.11
5111311111’111,5. 15. 1115. 55 5111911111. l· 1⁴
5151111111, 1. 5. 5 5115111111 1515
5111111111, 5. 15 5115111111 11,11 5
5111111111,1.51.1,5.19 515151511111155.1111,..559 11,
5111111111 111, 5. 59 19. 55
5111111111 11, 9. 55 5151115111· 1111, 7. 5
5111111111 1111, 5. 15 5115111111 11, 15. 55. 1, Ι. 57
1111511111.)11,11.ι1.11111, 515111151111,11.57
15.15.1111,1.51.1111,5.5 5151111111,7.51.59.11,15.5
5111111111· 1111111111115611111111) 1111, 5. Audierint 1111, 5. 15
15 5115111111 111, 11. 15
5110111111(1111. .11,1.1.1,1.1 511511 111, 555

51111111(511. 11, 9. 5. 11, ’5.5. 111, 7, 5151111115. 11. 15 1. 57. 1111,7.5
55 5115111111 1111, 7.7

511111111119551115151111,9.15 Audire· 11,5.15
1.......11111 11111111, 1. 11. .111,1.11
5115111111, ‚¹⁹ 55 (11101111, M 5115111111 1111,5.5
5111191111’ 1111, 1. 55 Audiri 111, 5. 11. 1111, 11. 51
5511111111, 5. 5. 11, 5. 11. 1, 1. 51 5151111111111,1.59
5111151111 1, 5. 55 5151111111, 9. 1. 11, 5.1
51111111 1111, 5. u 5115111111,19.11. 151, 5. 15
5111111111 11, 5. 7 51151111, 8. 15
5151111111, 7.9 51511111111. 19
51111111111,7.5 5115111111, 7. 7. 1,.1 57
111.11.111111,1.ι1 51511111,1..7 11,15.7.1,5.51)111
511111 111,5. 19 um 11111111 nb 5111111111 1,15.1
5111111,7.1.1111,.515.11,5.9 5151111,..,51515.5
51111111111151..,1.1..111,11,11.“1111111111,11.1.11
11,5.9.1,1.1 5151111111111,7.9
5111111· 1111515 5111111111,5.5
Amici-n 1111, 5. 9 5111111, 15. 5
5111111111,19. 15 , 51111111, 15. 55
5111111117.71111111,5.55. 117 51111511511559
57.11, 5.1. 11, 5. 1511, 515 511111515111111,5. 15
5111111111, 5.15.1,9.15. 51111111111, 515
5111111111 11, 15. 17 - 511111111111 1111. 59
5111111111,5.19.11,..95 1111,5..55 51111111111111111,15.5
1,5..,..1119915 5111111555,5.15
Ane'wfivi ο. 11 5111111111, 7. 19. 1111, 555

511111111115,15.15.1,1.5. 1, 5111111111111μ715
155 5111111111, m!

 

