1111

Discurrunt 1, 11. 0.. 11, 1. 10. 11,11. 1

Dima· 11, 11. 11 nive vii, 1. 10 ebrie·
1111 1111, 1. 1

1111111111111111111(1111111) 111,8. 19 11111·
pentem 1, 0. 0

Dim 111111 11, 8. 11. 1111, 0. 10

11111111 11111 11111 negotio 111, 1. 1

1111111 111, 1. 10

1111111111 11111111 vultum 111,0.1.1111, 1.
8. 1111, 11. 11

1111111111, 0.1. 11,1.1

11111111 x. 1. 17

111111111 humo cultu 111, 1. 1

1)11111111111111111(11111111) 11, 1. 1

Dispersa 11.1. 1111

1111111111111, 9. 1

111111111111, 1. 10

1111111111 1111, 1. 11. 1111, 111. 1111, 11.

1111111111ίί1, M

Dbpuoem 1111 11 ⁸0

1111111111,10. 10

1111111111, 11.1. 11, 1111

1111111111 11. 1. 11 1111111111, 0. 10

1111111111 1111, 11.1

1111111111 111, 0. 0. 11, 8. 18. 111, 1. 10

1111111111 1,“ 1. 11

1111111111 1111, 11.1 11111 nd 1111111111
1111111111. 11.1

1111111111111, 1. 8

1111111111111 11111111 11111111111111111·
1111 11, 1.17

1111111111 11, 1. 11

ΜΗ iv. 1417

bisinum· 111, 0. 0. 1, 1. 11

Dln'mulue 11, 10. 10

Dia-inulam 111, 1. 1

1111111111111111 1, 1. 1

1111111111111111 11, 7. 11

111111111111 11, 0.19. 11,11.11. 11,.10.

11111111111111, 11. 18

1111ιὶ111111 111, 11. 11

Μμω 711 11 1,. 1111, 1410

Dinon· 11111 11, 1. 11

nimau· 11111111 1, 11. 11

1111111111111, 11. 10 ’

1111111111, 1. 11. 1,1.0

niumm 1, 1.11

1111111111 11, 1. 11

Distinet· 111, 1. 10. 1111, 11. 7 111111
aum 11 11111111 11,1.11. 11, 1.11
cuba 11111 1111111111 viii. 0. 11

Distinet: 111111 11111111 11, 1. 11

111111111111111111 11111111 111, 1. 11. 11

Diminuam 11, 11.1

Distinguam! gomma 1111111111, 1. 10.
11. 1.10

11111111111111111111111 1111111111 111, 1.1

11111111 ²

Distinguunt 11111. w

1111111111111. 0. 10

1111111111111, 1. 10 ·

ΜΜΘΝ 1111 11 u· Vffi, ¹⁰0 n

111111111111,11. 11

Distribuit 1111, 11.1

mmm 1. 71 m· ἰήιε 19

1111111111111,10.0

11111111111,1.1.11.8.10

Distributio 11, 0. 10. 11,1.11

Dim Vi, ⁶· ¹⁰

0111111111 11, 1. 11 ⁴

1111111111 iii. 1.1

1111111111, 19. 11. 1111, 0. 0

111111111111,11. 9. 111, 0. 11. 111, 0. 11
mutum 1111111111 11,1. omilim
1111111111. 0.11

Diti· 111, 11. ss

Dim. 1118191 1110- 1

111111111111111, l. 11. 11,1.11. 1111, 1. 1.
1111,0.1. 11, 8.10

11111111, lan 11,1.1. 11.1. 11

1111111111. v, 0. 0. 1111, 1. 10

111111111111111,1.11

1111111111ιί1. 1. 11

Diu 111, 11. 1. 11,1.10. 11, 0. 0. 11,
11η 1,1.11. 1,1.1. 11111.
1. 111,7.11. 111111. 11,0.17.
101 11111,

11111111 111, 0. 8

111111111111111,1.1 .

11111111(111.)1111, 11. 11. 1,1. 10
(wc->2112 ⁸· ⁸· ’.11181111 13, l· n

1111111111.11.11.11,1.1. 11, l. 15

11111111 11, 1. 10

11111111111, 10. w

1111111111,1.1

Dium 11, 10. ll

1111111111 111, 1. 0. 11. 0. 1. 1,1.10

11111111111111, 10. 11

1111111111111, 9.1

111111111ιά1 111111 m. 1

Divo! 11111. ⁸· ix, ἱ· n ·

11111111 111, 8. 10

11111111111,1.1. 111, 0. 11. 1111,11.

11111111ιὶ111 11110

Di'ffi 1111 8· ⁸0 ⁹0 ¹, w· 1

Dividi· 111, 1. 10

1111111111, 1. 11. 11,1. 1. 11,1.11.
11,1.11. 11,1.11. 11,1.1. 111,

Dividitur 1111, 1. 11

11111111111,1. 11

1111111111, 0. 18. 11, 1. 10

1111111111, 11. 11

Divinare 111111 -

11111111 1, 0. 11

Divinatio 1111111 plution& 111, 1. 1

 

