1111

00111111, 18. 1. 11,11.14
oenum 11, 18. 11
0111111111 viii. 1. 18 prumia (iu utt-
mium) 1, 8.8 Ι
Cenem iu glorium temeritu 111,8. 18
11 11111111 x, 1. lt (11111111)1,
erunt 111, 4. 18
0111111111 111, 18.8
0111111111 1111111111111 (quiequid uri)
1, Ι. 18
01111111,Ι.18. 1, 18.8
01111111 viii, 1.8
0111111,8.8.11,1.88. mbr!
Ceterarum 111, 8. 1. 11, 8. 8
0111111111. 11,1.18. 11, 8. 11
(10181111, ¹²· 91 1110111
0111111111,11.18.11,14.8.1,8.1
muttire
8
0111111 111, 11. 8. 11, 11. 81. 1, 1.
cmm 111. 8171 iii, ne 171 17, 111.
11111111
cmm 1111, 1.18
0111111111 1, 1. 88. 1,18.11
mattea 111, 1.8
111
1, .
Charidemum iii. 1. 18
0111111111
cium· 1111, 11. 18. 14. 11
chiliarcho 1, 8.8
Chiorum 11, 8. 18
effim 1111 11 191 iv, ¹0⁸⁷· 11151 ¹⁰
Cbuurpe 1111, 18. 88
chon fl V, ,ιο
0111111 1111111, 1.8
cion-nitu 1111, 1. 8
0111111111 111, 1.8
0111111111 11,8. 11
cibum 11114. 88. 11, 18. 11
01111118. 14
Cibo 11, 18. 81. 1, 4. 81. 111, 1. 11. 1.
0111111111, 18. 11
0111031318. 1, 8. 11. viii, 1. 11
01111 rim. 11
01111111ἱ1111,,8. 81. 111,8.11. viii, 18.
81. 1,1.1
ciuili* inu· ⁰0 1151 ne 0111171111
u. 1. 14
0111111111 11, 1. 18. 1, 8. 18
0111111111, 881
0111111111,1.18
01111111 1111, 14. 8
0111111,8.11’

11111111

01111111

Ciiieiu 111, 4. 11. 11, 1. 88. 11, 1111.
1, 1. 18. 11, 8. 81. u, 18.1

cah.. 11114101 11110111 iv. „e”- 10,
18. 1. 11, 14.1. 14. 1, Ι. 81. 111,

mich 11111111 1111 ⁵· ¹⁰· 11, 01 0·
11, 1.8. 111, 1. 18

cinctuti, Ι. 11, 18. 81. 11,1.18 ·

Cingere ri, 8. 88

011111111111,18.81 8111111111, 1. rt-

cmm viii, 11 1,

0111111111, 18. 18

Circe 11, 18. 17. 11,11.81

01111111 111, 8. 88

0111111111. 11

0111111111,1.11

01111111111111,11.11

Cimmerium, 11. 11 ·

1111111111 u 111111111111)
11, 18. 88

creant-ri 11.8. 18

0111111111νὶ1,8.1 ..

0111111111 11, 8. rt. ir. in 11111 ui.
8.8 equite iu utrunque 1111111,

Circumdutum 11, 1. 88. rii, 118

circumdedit viM ·

circumduci 111, 8. 11

circumferemus

circumferentem 1, 8. lt

011111111111111, &ss

Cimumierri 111, M

0111111111 viii, 8. 18

circummunire· 11111 11111111,

0111311111 multitudinem 1111111111
ciiiiiriiri (1111111)ὶὶ 11. 4. 111,1.8.
011ιὲ111111 viti, 14. ΙΙ
0111111111111, 8.18. 11, 8. tub, 18.
0111111111111111, 11. 1
1111111.

01111111111111, M

circummun- 14. 111888. iiim. ¹

11,1.11. 1111, 4.8
circumirentur 11, 18. 88
cimmint 10, 101 1

i
0111111111 iii, 1. 8. 11, 11. 88. M· ¹
011111111111,11.18. 111,11.8 peti·
1111111111,8.14
011111111111111111111,1.81
circumitus 11,8.84
0111111111 11111111, 11. 81

 

