011111

00 mi· queque 11110010010010111)
V, 111

110000101111111, 7. 00

1101110101 11, 11. 11. 11, 0.8

1111111οη1111 111, 7. 11. vii, 1. 18

1101101111 11, 1001

1101101111, 10. 00. 11, 11. 10

1100010111011111, 0. 10

Reddidisti 111, 1. 00

Reddi& Vi. ⁴0 w· '³0⁶⁸ u· ¹5⁹0⁴
quie· grum 0111101010 nentem v,

1100011 terrm 11111110 m· (mre) 11,
1· 19. 7111, 9. n

Mu Ι, ⁵· 'a

Redditis 111, 0. 00

Reddin 111, 0. 10. 111007. 1111, 1.

nordico· 111, 10. 0

Reddin 1111, 0. 0

Redditur 111, 10. 0. ν, 0. 11. 111110.

&ddum Vi, ἦ· 10

110001111101 111, 10. 0

110111111οη10 11, 0. 00. 1111, 1. 18

Μῶωί 1,, 111 ”v ix) ⁴· ²⁸

110000 1, 0. 0 debitum 00111111 1, 0. 00

0000101110, 0. 10

110111111111111 17, 1111 V, ⁶0¹. ῗ11, ⁸· 111.
1, 00

11000111 1, 0.7

&degerunt iv, 0. 11

11100ςί 11, 1. 10

&regit viii. 0. 0. viii, 11. 1. ir, 0. 00

monaterii, 0.0

1101101011, 0. 00

1111101101, s. 1⁴

1100101111, 0. 7. 11, 01

Meritis 1, 0. 00

1100100111 111, 0. 10

uoragi potuim pecuniam ingentem 11,
11. 11. vii, 0. 11

1101111117, 111 180 11, 1.· 161 V, 7110.
1, 11. 10

11011111ωο01· 11, 11. 11

1100111111, 0.0

1100101111 (plur.) 11, 1. 0 (ring.) 11,

0101111111 1111, 10. 10

11101100101110110(10101111) 1, 0. 18

11001111, 0. 10. 17. 1111, ll. 10

R‘dil'e‘ 011, ⁶· w· 7111,0.10

0000101110.οδ

Redit 11, 0 00. 00. 1110. 01

Redite 111, 0. 8

Raditum 1111, 1. 10

Mun 1111, 0. 10

110011111111, 0. 10

1110011

1100101110 1, 0. 00. 11, 0. 00

nedum 11, 00

110010111001111, 0. 1

1101111011 (nomen) ix, 0. 01

Reducit 11, 16. 00

Reuundmtem ad 100011111111111111111 11,

1101111111 11, 10. 00

11010001111 11, 8. 10

Retenta ud pristinum cultum 111111 11,

11010011 v, 1010. vii, 010

Refertur 111, 0. 10

neroum 111, 1. 10

Referunt 1, 00

&serantur 1111, 8. 10

Reseratis ix, 0. 07

0010100111 11, 1. 0. 111, M

Referebatur 111, 1. 1

1101010011 viii, 0. 17

Referebat iii, 10. 0. 11, 11. l. 11, 8. 07

1101010011111 1, 10. 11

11000101111,10.8

1111110111 1, 00

nerem vi, 1. 11. 11, 0. 1 011011..
10. 0. vi, 1. 11. 111, m

Referri 1111, 0. 10

1111111ιά consilium 11, 11. 10

Refertur 1, M

1111011110 111, 0. 17

Referunt 111, 10. 0

nerei 11, 0. 01

1101011110011,0. 0

1101010011111111 1111110101μο 1111, 1.Ιο

Reform 01111011 010011, 1. 01

Refrenare 11, 10. 0

1100131111 glorie 11110 ix, 0. 01

111111011111111,1.0

1181118818 ix, ⁹· ’ὅ

Refugeram 11, 1010. 1111, 10. 00.
ix, 1. 17

1100011011, 10. 11

ΒΕ111818081 11, ⁹· κ

Resurgebat 1111, 11. 01

Rogarem 111, 0. 10

Regali iii, 1. 11. rii, 11. ro

11001111, 0. 10

Rege iii, 11. 7. 111, 10. 7. 11, 0. 00.
11, 7. 00. 1111, 1. 11. 1,0. 01. x, 0.
110 ¹, ⁵· 111 ¹2 61111

Regebantur 1, 0. 11. 1111, 11. 7

110101)ιο 11, 10. 00. 11, 10. 08. ν,18.
10. viii, 11. 80

Regebatur 11, 01 ,

Regem iii, 0. 01. 111, 11. 0. 1, 0. 0. 11,
⁸· ¹³· Υ1,51291 Vi, 7- u· 'iio ²· ῃ·
viii, 0. 07. 1111, 0. 10. viii, 9· ⁸⁰·
1111, 10. 00. 11, 0. 00

 

