11 q. 1111111. lxiii

(111411 11. 6. 26. 11, Ι16. 11. 11, 7. 24. Gentibus 111611. 11, 9. 1.,11, 19.
1116. 29. vii. 6. 6. viii, 4. 27. 11, 6. 11, 1. 14. vii, 4. 6. viii. 6. 16. 11.
6. 11 2.13. 11, 4. 16.17. 11, 6. 22

Gaudium vii, 10. 4. 11, 7. 26 ‚Gentis 11,1.11. 11, 14. 17. v. 1. 41.

Gn! (12611671)111, 12· Ἢ· V, 1ο 10 111· 11. ⁴02⁴· vii) 818· 11111 1· 7· ⁹⁸ ix)
611111 , 1. 23. 27. 11, 2. 6. 1,1.14. 1, 6.

cmm (Ρθωῧὴω) 11111816· V,l· fl· 1⁷
1, 6.11 Gentium iii, 2. 12. 111,1. 12. 11,2.16.

01111 (urbem) 116. 1⁰. iv, 117 17. iv, 1. 2. 4. iv, 14. 1. 1161.

ο.1ιο.ὶιῑι,ιο. 18 11, 6. 7. 1, 2. 11. 1, 2. 26

611111111ωωί1,16.6 (111111, 628

6911111611 viii, 914 Genua V, 71 18· Vi, ⁵0 ιθ· 27· 7111, 71

(111161111111111 111, 1. 7 13. 1111, 14. 12. 11, 6. 7. 13

Gelu 111, 19. 16. 1, 611. vii. 3. 11. (1111111111. 623
16. viii, 4. 6 Genuit iii, 2. 16

(1111111111, 16. 26 (1111111,2.6.11,2.9. 11116111,

Gemimw 17, 61 ³⁰· Vi, ὖ. ²² ⁸· 1³· 7111416661 7111, 91 311 2111, 1⁴·

Gemitu iii, 12. 4. 11, 6. 26. 11, 16. 26. 16. 28. 11, 1. 16. 1, 1. 21
26. v, 12. 12. vi, 7. 69. viii, 2. 6 (1111611116111 odium in vii, 6.16

6111111111 ix, 1. 6 (1111611111, 1. 16

Gemitus 11, 16. 12. v, 4. 28. 1,12.8. omum 11, l· ⁸8· 11. ¹⁶01
11, 9.1. 11,11.16. 11,1.2 (1111161111,1.16

(1111111111, 1. 18. 11, 6. 6 Gerous speciem majorem qum pro 11·

(1611111111, 3. 16. 1,1.26 1111011126

6111111111. 19. 11, l. 29 Gererentur 11, 6.7

(1111111111, 7. 26. viii, Μ. 11, m Gemet 1, 16.6

(1111111611,1.12 (1111 1,1.8

(1111111111 vii, 6. 27 Get-itin 11, 14. 26

(1111111111 11, 616 (1111111111, 7. 1

6111111111 11, 2.7 (1111111111 vii, 4. 12

686101121111,91 16 Gemnt ffi, 81 2⁰· 711, 2· ³³· ,711211

(11111111111,1.19 22

Genera iii, 11. 11. ..1. 11. 11. 11. Geminus νῑ. 11
11, 1. 26 6111111111, 2. 16. viii, 8.1

Generis 11, 1. 26. 11. 7. 8. ν, 1. 22. 46. Gessit 111111 11 1161111011 11, 16.
1,1.24. 1, 6.12 28

canibus vm, ι. 11. 1111. 11. ι, 1. Gom (11111111111. 116130
2411311161011111111,6. 16 · 6111611111,1.16.1.,1.14

6111111, 1221 (111111611111,6.8

(11111111 11, 2. 7 (1111111111, 7. 24

Geniti 11, 4. 4. 1111, 1. 1. 1, 7. 9 (1611111611 111, 10.9

611111111111 6..1111...1,1.16. 11111111

Genito viii, ll. 66 (1116111111, 2. 26. 11, 6. 6. 111, 6. 6

6.111ωὶι,ι.11. 1,1.13. 1, 7.8 (111111111111,1.16

(lenitum 111, 11. 24. 11, 14. 22. 1111, (1111111111,7.16
19. 1. 11, 8. 22. 1, 7. 16 - 611611111114. 1, 1. 41

(1111111111 viii, 4. 29 (11111111111,7.6.111,8.16.11.2.26

Genim 11, ⁶0 ῃ· ¹, 71 2· 6 601111, 1144

Gens iv, 1. 69. im. 19. 11, 7. 19. 11, Gignend· 1111611 11661 1,4.7
14. 21. 11, 6. 24. 111,6. 17. 111, 7. Gignendi· 11, 4. 21
1. 11111. 1111. 1111 Gignimr iii, 1. 10. 114. 11. ι, 11.

(111111 11, 6. 6. 111, 4. 62. 1111, 16.7 11. 16

Gentem 11, 14. 24. 1, 2. 6. 1, 6. 16. (1111111111. 14
1, 6. 17. 1, 7. 19. 11, 2. 12. 11, 6. (1116111111,11.14
21. 111, 6. 11. 111, 6. 7. 111617. (1111110111, 1. 16. iii, 16. 6. 11,4.11.
vii. ⁹· 171 ix, 11 ³⁰ 1716· 16· 17, 101 2⁵· Vi, ⁵⁸⁹

Gentes 111, 6. 4. 11, 6. 6. 11,6. 1. viii, Gladios iii, 11. 4. iv, 9. 6. viii, 14. 29.
212. 11.4.19.24. 1, 6. 7. 1,19.4 11, 6. 26. 1, 9.6

Genti viii, 16. 6. 1, 6. 12. x, (1.1 Gladium 11,6.16. 11,7.12. 1111, 1. 9.

 

