lm
1177111111, 17.17

mou

ωψήῆιηὴιηη
mm ·

mmmffiwffimmu

7117777717 &somnos

1171171777. 11, 717
1171117711719.78
1177171111 8.1
Banu-2⁰⁰
117117717111,7.7ὶ
11171777711..7.7.7111,9.78

Η79717771117113,7..7 11,7..111,71.

7117.77.11,7.7«1
1171171117771111Λ7.9

1117771877 11, 8. 77. 1711. 79. 71.

ssffissffiuuffinm

7111177111771” 1111, 7. 17. 1111, 17. 7
Hephutioniiv, 1. 17. 11

1111117777. 1

1111771711, 778

1171717 1111, 19. 17

Herbidus 178. 77

1171711111, 7. 77
11111717(11)1,)1111,11.7(1111717.)71,

11171711,7.11.111711.111711 8..19 11,197.7.11,.119 11,17.

77171.7.1111,7..7977
111111111,.7.7 11,.177

7711,...71717 131,1..7977.,1
&ammam-⁰

1177717711. 117711. 111711. Henaton 11771. 11.11..17,11.1.

ix. 7. 19. 71

11, 779

flmiv, 17.17. 111,9.9. 111719. 77 7111771118,11.11.11,1.1.11,1.11

natatem 111, 7. 79. 11, 17. 17

11717717111, 10 7 11, 7. 717. 11,7.

1171717718. 11,Ι1.71. 1171117 77.1111,171111,7.21

19.1,.8.171,7.17

1171177771111,7.7

11..17,1.11.111,..·111.ν,11..11 liemolamnw

1,..177111,.77.17

Hermolaus 1111, 7. 7. 8. 1111,8.17

111717717711711,979.111,7.19.111,11111,7.17

11177711, 18. 17

7171771771 7717111771Ι 11, 17. 18117· 11171, 7. 7

1111171717111,7.18

11177111,9.8.11,...,797817.77

11171117 (7111171111) spiritu 11711 171· 1117711717 11 17. 7

ω7,7Ή

11717117111,77.7

Hmiuhdioonudgit) 18, 117 7711171711, 119

8111177118, 1. 17
11111771.. 77. 17
1111117771.. 17. 17

11111111, 17.7
1111117718
1111771111,.977

1117711171 1111171171 7171711117“ 111, 17. 1111711711, 8.17

1177177171177.77.111,7.71.1111,7.

1117717171 11. 17(71111717)11,7. 11 17

11177117771111,7. 1
unumne· 1111 7. l

1117117111, 7.8

111711717 111, 19. 8 7711 1, 7. 79
1177111111, 19. 18. 11,7.19
1111171171 in 177 nogotio vii, 7. 79
1177111771111, 7. 78
1177117771171119. 17
1117111111, 8.7

1177171711, 9. 77
1171111111719. 18
1171711111119. 17
117371717711 7. 77. 71
117111777771111 1.19. 171777
Hegelochus 1v 7. 77. 11, 71. 77
111111717111111.11

117711771νί, 17877. 111,.7.79111.
11. 17. 1, 879

117717177111,7.79.111,7.7

7177171111, 19. 78. 11, 717. 11,9.18.
11, 79. 7. 111, 177

Hominum 11, 17. 7. 11, 17. 7. 11, 9.7.
111,7.8.111,7.79. 111, MS. 1178.
aaz?

1111717111,1.77.111,8.77

1177717177... 8.ss

11077711711111111, 177

1177171811 (71111717) x, 7. 77 (7771-
1777917111)111,7.19

1177711117 8. 7711, 7. 77

1177771117νί1, 79.8

1177717177 nii, 7. 7

 

