11111. 1111111111. 11111

21111111(111141) ι, 4.20. ι1,4.20. 2111111οωί1,1.14.1111,1.12
1111,11.1 211001111111111(ρ11111)1, 00
211111111111111. 10 2110111011111111111(41ο 1111111111)
21111111,,,,42210..1οἰ1,.210 1111110 .
2111111111 11.1. 11,2.1 2111111111 (perventum) 111 11. 11
2111111111,10.0.111,11.0 11111111 2111111 (1111111111)11111. 10
omnes gentes 1111210 11111111 1111111111 21111111111111, 2. 1 ’
11,1,121111111111111111111111111111 111, 211,4,1.ι,0.2.11,,2.1 11,1.22
10 21 211111(1111)1111212. 11,1.10, 1,
211110011111111111101, 0. 20 222 1,.2 14 (111)1 1. ⁰
2111111 ιι 1. 12 2111111111, 2. 20
2111111111μο21 2111110111,11,4.1,0.22
211111,1.11 2111111111 1111, 010. 20, 24
Emicabant 1111, 2, 20 211· 111111, 1. 10
21111111110. 10 2111111101010. ιι, 10 21
Ει1111111111.4,2 2121101111010 111,,1 12. 11, 0
2111111111 111, 0. 20 12. 111, 2. 21. 21. 21
211111111111110111111111, 1, 22 211111111111, 2. 10
2111101111112. 10 prominebant 11, 2111111111 111 12..2 1111, 1010
0. 0 1111131011111, 0. 10 E 0111101111ὶί1, 0. 14
2111101101,11.1. 1111, 1. ⁰⁰. 1111, 12. 2111111111ιὶ, 2. 0
1⁰. x, 12110111111111, 1. 21111111 2111111111,12,10. 11, 1. 0. ι, 1, 42.
11,14.0 411111111111110113111111 11, 1111, 2. 0. 0. 1111, 4. 20. ι111, 0. 20,
2.0 11111011. 11, 1. 4. 21
2111111111, 11. 0. 11,1.2...11 11, 10. 2111111οι111, 11. 20
20.1111,12.1.1111,11,12.1,1.22 211111111111,1.10
21πὲιὶ111111 emm ⁰⁰¹ clotten· 111111 11, 4. ἓξὲξ ⁰⁴:³⁶3: 1911112111 v1⁰¹⁶11
1 ι
2111111111(1111111111111111)1ι 10. 1 24111011, 0.11
2111111011, 2. 20. 111, 11. 10 1⁸.unth 021
200111101111 0. 10 2411101111, 11. 1 ·
' 21111111111111,2.10 24111011111,1..22.111,0.12
2111111111,1,11 12111111,12.1,1ι,10.1022. 111,1.22
2111111111, 0. 20 111111111111111, 2.2 2411111111, 11. 10.· 11, 2. 21. 1,2.10
21111111· 111, 11. 2 spatio 11111111 α’10111····,1“4111 111, 11. 11. 12.· 111, 12. 2. 11, 0. 2
1111111,1,20 141011000ηῆ12.0.11,0.0.,1
211111111ι20111111101οι11 12..,10112.0
12.11, 1111,11,21.11,1.10.11,12411001211111·111,0.10
11110 2411011111,οὼ 11,.011 11,12,20.
2111111111224117211102 11,.102..11,1.2ιί111.0
2111111(11111)1112.2.111,11.4(1111.) 2411011111,0.4.11,10.20.1ι,10
111,.21 22,11,..01111,0.,.201120
21111111(11111111)1ι, 2. 20 ·241111111, lm. 1111, 2, 22
2111111111111Ι ιι, 12. 20 2411111111· 11, 12. 22. 11, 12. 21
2111111101ιί, ⁰. ⁰1 κ 2411111111, 0.2.111,11.12.11. 11,12.
2111011112,0.10 - 0.12.11,12.20.20.11,10.2.21.
21101111111121 ι,1,22.11,022.111,0.21.111,
Emittilx, 1. 22 101012
2111111111 ιιΙ 11. ⁰. 1111, 0. 20 ·24111111111111,0.2. 11, 10. 0. 0. ι, 1.
2111111111ιί1, 1. 10 41.40. ι,1.11.22. ι, 0. 2. 1,0.
ξιιιιο11111111111111111111111. 10 12. ι1,2.11. 11, 1. 2. 1111012. 1,
11 2 22 0. 12
2111111, 0. 10 24110111104. 11, 1021. ιι 121
2111111 110111111111111111111, 0, 20 ιι, 12, 20. ιι, 1⁰. ⁰⁰. 1, ⁰. ⁰. ι,12.
211111111111111, 12. 10 10.10.10.1,2..0 1,0.22
21111111 111,0.12 , 2411111,..2211102011,12.22 ’
21111111,.01...21111,0.22.11,0, 21.1ι,.,,1022ιο...14.11,1011,
10.11,,11.112,,2211,2.1 0.20,111,2.0.111,..420111,0,22

011111.11111.1111. 1111001111. G

 

