111

1111111 (licuit) 1, 10. 11

1111111111 111, 0. 0

vam 111, 0. 24

'Vicum 1, 1. 11. 11, 1. 11

vm umqum aperiente 1111ο viii, 11.

Viden 11, 1. 10

11111 11, 1. 10

1’110(111111)11, 1. 11

111111 11. 0. 10. 10. 21. 11,1. 11

1131011111 11, 0. 11

1131111111 viii. 10. 10

1111111111 111, 11. 21

Vngui viii, 14.0

11ςί 1, 0. 0

1131111111. 1. 10

vaginam iii, 1. 0

vagum viii, 1. 1

vdent 1, 0. 11

valenium} potatu regum 11. 110

vdent 111 necunde cunnum 11111111
¹. 1. 40

valentium 11, 1. 11

Valeo vii, 1. 10

1111111111 111, 1. 1

1111111111 111, 0. 1 (morbum) 111,

valetudinis 111, 1. 11 (morbi) 111, 0. 11

11111110 viii, 0. 11. ix, 0. 4

11111 111, 1. 0

11111111, 11. 10. 111, 1. 0. 111,0. 11

1111111 viii, 1010

11111111 11, 1. 10. 11, 0. 4

11111111, 1. 11. viii, 1. 21

validior 11, 10. 4

111111011111, 1. 2

1111110111 111, 1. 10

1111111 11, 1. 10. 14

1101111111 11, 1. 14

1111111111111111, 0. 11 patim imperii
1111. 1. 11

validissima ix, 10. 1

11111111 111, M

111110 viii, 1. 00

validos vii, 11. 11

Validam ’11, 1.10

vdie 1,11.11. 11,1.1

1111111 1111, 1. 11

vanu 11, 11. 11. 111, 11. 10. 11, 0.Ιο

Vallis 11, 4. 1. 10

1111111, 11. 10. 11, 1110. 1, 0. 0. 11,

11111111, 1. 1. 11, 11. 21

1111111111 auctorita 11, 0. 10

111111, 1.10. 11, 1.10. iv, 10. 1. 11,
u· ³· 11, 8· 1⁴ plmqm 01 imni!
belli vii, 11. 10

111111 111, 0. 10. 11, 11. 11 111111611-
nem) 11, 11. 0

11111111

11111 11, 11. 0

vanissimi (mendacissimi) 111, 1. 0
11111111(11111111111>11, 1. 11. 11
vanitate 111, 1. 10
11111111,11.4.1,0.10

Vinum (salsum) 11, 0. 0 (monim)

1, 0.1 in vinum lupam 1111111111,

Vapor solis (estus) iv. 1. 0. 111, 0.1
{aper nolis et coeli 111111 est 1, 10.

Vapon iii, 0. 1

11111 111,1.1. v, 0. 7. 11, 011. 111,

11111 viii. 1. 14. 11, 0. 0

Variantibus 11, 0. 0 sententiis 111, 0. 11

111111 (nomen) 111, 0. 0

vitiem 111, 1111

1111111111, 4. 10. 11, 11. 11

111111111,1.11

11111 (nomen) 111, 0. 10. 1, M

1111111 viii, 11. 10

1111111, 11. 11

111111,0.11

1111111, 11. 10. 1, 0. 0. vi, 1. 10. 111,
⁵· 1⁴· Vffi, Π, m· il, 10- 2⁵· ι, lo
11. 1, 1. 11

11111 11,0.10. 1, 0. 11. 11,1.10. 1,
0.1 regio (1111111)111, 0. 0. 11, 1.
11 111111ορ11 (deserta) 11, 0.11
loca solitudine ingenti iv, 1. 1

11111 111, 10.1

Vnum 1111, 1. 11. 11, 10. 0

1111111111 ix. 1.Ῑο

vum vi, 1. 11

vauri viii. 1.10

vum iii, 0. 0. 11,1.10. 10. 11,11.
10. 11, 1.1(11111111)11, 10.1

111111111, 1.1

11111111,1.11

111111111111111, 1.1

1081811111, l· 1⁰

vnti 111, ὅ. ⁴· 1111, 18·ss

11111111,10.1.11,1.10.111,0.10

vntommiv, 111. 1011111. 111.

1111111,0.11. 11,1.10.10. inari
ir, 10. 1. 13111. 1, 1.1. 111, 1.
0. 11,1.11

111111, 0.11

Vatibus iv, 10. 1. 1,1.1

1111111,1.1.11,1.11

Uben' 1, mn

Uberrima 11, 10

Ubenimum solun gignendis 1111 11, 1.

Uberius viii. 1. 14

110111, 10. 7. 11, 10. 17. v, 1. 18. v.
0.11.1,1.0.11. 11,1.0.11,1.1

 

