100

11000011.10.10,011.11,01

1100101111,οη11,10011, 1610.
η11,..16.1161.116. 1,0.16
116660, 11. 60. 11660

6100116011,1.16.66.1,..611.6
01,.01717.0.0,.660.111,
6..6011,1.6 ..

61001111111016.Ι 11,1..610 0,.060
1116.0.11111.6.17

610000101,6.10.16. 1,..660.66.
0,6.10. 0,.661611.060.111,
66111,11.0.011,0.6

6101101111, 016. 1111, 0.Ιο

6100000010111, 6. 10. 01, 0. 10

monumenti· 11, 16. 16

66000010000011,6.10. 1,1.16

66016666616Π11,1.71 6611010060 ⁰15⁵·

1001111010τῆ1, 11. 17. 1100. 1116.
6611016

Momm-1⁰

1600011166011616 ·

, ΜωωὴΛδοιῦ

moraturum

1601010101 111060. 11610. 1111.
6. 01660. 011667. 011616

6101111 11617. 11, 66. 011060

6101111011,16.66

6101010106.Ιο

660101010,6.6.11,0.60
6101611116.0.1110.6.11,10.1

ΜΟῘΜΙῚᾸᾸῙ ’

Morbo 1166). 111060

Morbo· 1, 0. 6. 11, 10. 16

610001001616 .

More iii, 6. 0. 11100. 111, 1617. iv,
1117· V, l· ”a '9⁴⁶⁸‘ ”¹2⁰⁸ 011,
66111106

16010100,6.6.1,6.16

6101011010. 0,.06. 0,10.66.
10616006600001611
661οἥ

61011111 0.16.1116 66. 11611
1110060.116.’,.6611,0.10.16

0001060000
610110000ωο,1.10. ix, 1. 66. 11, 0.
6101160011,16.61,.160. 1160.
0,0.0.111..011011,..010 011,
0. 60. 11, 1. 66
61000061001611. 0,10..66 viii,
1. 66. 011, 6. 11. 1160
6101100111,0.17’. ·
Μο11011101111,1. 66
610110111αωί1, 10. 60. 1, 6 60
6101101110, 10. 66

100011,’1011.,11.1111,..00
111,.100.11,..,666161

lnnssx

6100000161660 ’
610111001011611 ·
61001010(οι1.)0,10.10.1,1.67
6101110100οΝ17 vii,l⁰.⁰. 1,..60

1, 616

moriturum (100.) 1110. 61. 11,.0 6.

6101110101010.10

1001011, 10. 60. 11, 11. 0. 11,1.16.“
11, 0. 10. 1, 0. 66

6101111111 7. 0

6101101100011611. 01660. viii.
10106. 1, 10. 16

6101101110Ι 11, 6. 7. 1, 6. 60

600111Ιί1110 1, 6. 17

6101111100 1111. 60. 111, 6 10. 1111,
617. 11,6.16.1,6.60

0100011161. 111617. 1, 0. 18. 1,
0. 7. 1, 6. 11. 11016. 111, 666.
01060. 011, 1660

Mortem iv, 1660. 1110. 66. 1, 1. 6.
1161611016. 111666. 11110.
60. 1111, 6.0

110011101001110.11111

Morti! 111610. iiim. 6. 116. 16.
iv, 81 ⁹· V, ¹⁸· ⁸· 71, 71 1⁰· ⁰1, 8151
611, &⁰⁰0 6116, 0101 011116. ²⁹· 11,

Mortuo (ubl.) 1111, 617

Momm, 6. 61

- 61001160 1111061166

61011110, 610

1601001, 1. 60

Μο1100111, 6. 60

61000 11, 1. 16 0111110111, 7. 0

Moto (abl.) 111, 6. 16

100100 0, 0. 60. 1110. 10

Motu (abl.) iv, 16. 60. 111, 616111,
10. 611660

Motum (0001.)11, 6. 0. 110. 6. 011·
0. 0. 10. 11, 0. 67

’,100ιο1011 616

11010(001001)ιο1.1.111,11.10
0,0.66.111,1’.6111,010(001).)
1,..,..16010161111,10.661,7.
11(000101100)111, 166

60010011, 16. 10 ’

61010600101011, 16. 10

Μο1000111, 16. 66

11010010. viiia„ τ. 1011

6601061101, 6. 16

6101001 1060

610101011ωο10 11,..76 vi, 116.
1110101101 60 10 pugna vm

6101010 (1000)1 6.7. 0,10. 10000·
1101, 0. 1610000101,0.17

Μο101010111,0.16 11111. 10001110-
101)111, 1. 61

 

