1118. 8111111111.

8.,11181818111111181

8881111118’ nii. 9. n

98181881111119919.11,16.811,
1119811817

88818111,1.11.11,1.18.11,8.18.
111,6.1.18,19.19

88181111 111, 9. 97. 111,11.99. 1,11.1.
81, 6. 16. 18, 9. 99

8181181111,19.6

Sardium, 1.11

881111811111,1.96.18,7.19

8811188811818111, 16. 19

smmum Vbi, 78 0

Satelles 8, 7. 11

satellites vi, 8. 19. 8, 8. 8

8818196981 111, 19.19. 11, 7. 91

8818111111 8, 6. 11

&temtum 1,,78011 11, 78 298 Ῐ, 78 178
8, 8.9

88111181 v. hc

881181111, 9.16

Satibarzanen 11, 6. 99. 91. 96. 91. 111,

Satibarzanes 11, 6. 19. 99. 111, 1. 99. 97

88118188 1, 1. 19. 18, 6. 99

811181118 111, 8. 99

8868181811 11, 19. 16. 11, 9. 6. 11, 9. 1

Satis iii, 2. 19. 11, 1. 6. 99. 11,9.18.
iv, 108 08 iv, 108 08 Υ, 18 108 ν, ²· ⁷·
ν, 08 78 111, 'a 10

88681881188 11, 1. 19

8811818811 111, 9. 99. 1111, 11. tt

8111118111, 08 08 V, 8· ¹2

81818811 111, 181

88118881111111, 6. 99. 111, 9. 99. 8, 1.99

&ww 111, 08 1811, 880

881118881,1. 11. 1, 9. 17

88111 8811111, 1. 96

8811888811, 9. 19. 18, 19. 17

8811888181, 9.1

88118881 11,6.96. 1111, 9. 19. 11111.
91. 99. 18, 19. 91. 8,1.99.8,19.1

secr-pie 1, 9. 16

&mptem iv) 08 71 20

88111188 11, 9. 99

8811811 viii, 11. 99

888811 111, 8. 11. 111, 11. 91. 111,9.19.
1111, 9. 17. 18, 899

8811818811, 19. 19. 111, 118

Saunium 1111, 19. 99

Q 8111111111 11, 18108 11, 08 188 11, 88 w

&n 11, 28 108 2⁴· 11,,808 inici&
11, 9. 19. 18. 1, 9. 1.18.99. 111,9.1.
111,11.16. 8111, 9. 91. 1111, 11. 19.
91. viii.1a.9

88811 111,1.11. 111, 19. 9. 11, 9. 9. 6.
iv, ³0 ⁹! v, ³· θ’ ’95141 dy ¹¹0 ¹⁰⁰
18. 811811. viii, «11

cxxxix

8888116.99.1,1.1Ι.11,1.1.111,
699.1111,19.91.18,1.19

881811111111,9.9.11,1.19.11,.16.
111, ΙΙ. 18. 1111, 19. 99

8811111111, 9. 91

88811181 18, 19. 1

88818 11, 99

81111111,1.11.88

88811118, ma

8118191118 17, 2· ῃ

Scelerati vi, 19. 19

Scelere iv, 7. 97. 1, 1911. 11,7.16.
111-1, 78 ⁹· 1, 180

Sceleri 1, 19. 19. 11,9. 18

sceleri! iv, 88 108 V, 108 108 Vi, 08 008
'ip 83· 11, 98 ³· 108 ³2· vi, 101008
ν1, 11· 08 098 1111, 18 008 1111, ⁸· 108
1111, (1.9. 16

88818811 111, 7. 19. 1111, 6. 99

scelestis viii, 8. 18

81818118917. 16

Scelus 1,19.1.1,19.1.17. 11,9.16.
11, 7. 7. 11, ιο. 98. 111, 1. 9. 111, 6.
99.1111,8.6

88181111, 11. 19

8818111111,6.19

881811111, 9.6

Sciebant vi, 9. 96

8818611111, 7. 91

88181118 111, 1. 8

88181111, 899

Scilicet v, 6. 11. 11, 11. 6. 111, 1.16.
1111, 618

8811111111,9.17

Scintilla 11, 9. 11

801018,18138 V22ene 8,οι08 9188
7. 11,11.99. 111, 7. 97. 1111, 8. 19.
8, 919

Scire iii, 1. 7. 11, 1. 96. 11, 19. 99. 11,
14808 11, 108 08 08 11, 118 178 811, ⁴·
9· 111, 88128 1111, 78108 Vffi, 88 18

8811811111,19.6

80119111, 68 88 91, na 108 1111, 118 10

Sciscitari 11, 7. 11

881111, 8.6

Scite viii, 9. 99

8811811111 111,1. 16

scivere( ((1881818111111)’1111, 1. 18

88111111, 7. 9

8881188, 699

88811111,799.11,19.19.8,1.19

888118 1, 7.1

Scortum 8, l. 99

8811111111, 1.16. 111, 9. 1. viii, 11.6

Scribere iv, 1. 11

8811118111,1.11

8818181811 11, 6.8

8111818181 11, 9. 19. 111, 9. 96

8811811 11, 19. 96

 

