xx mm

0111111141411714.11,4.14 01141111111(11111’)1,.414
’04011111111401841144 11,14.44. 01140144401’11011111111111111,0424

11, 11. 441111111111111111111111111 0111111111(1111 1111111, 4. 4

11,4. 14 urbem 11111111111111,4. 01111111(11111111)114.14

44 011111111111, 4. 8
0111111411 · 011111111,4.4ἰί1,814.111,.1114.
01111111111,4.4 111,14.’1.11, 14
Corbu-imm ’ 0111111111,1.11
01141111111.4.41 0111111111,1.47
0111611,4.14.1,7.8 011411111,8.14.11,14.44. 11,14.14
011111111,4.14 111414111111111111111111,14.4 dte·
011111 1,4.14 111111, 7.4
01111111, 4. 4 01111111111,4.14
01111111,1.14 011111,4.14.11,..444 1111,1.17.1,
01111111, 4. 44 4. 4
0111111111,11.4Ι 01111111,14.4.11,4.4
01111111111111, 4. 44 ’ 0111111, 7. 14111111. 14. 11,4.4
eui-sinui, 14. 44 04111011, 14. 11
0111111141111,14. 11 01141111, 4. 44
Cui-immid& 0111111111, 4.41. 11, 4. 44
01111111111,14.4 0111111111,4.44.1111,4.4
04141111144 · 0111111, 4. 44
01111141 11, 4.4 0111111111,11.11
cariturus 1, 4. 47 0111111 1, 4. 4. 111, 1. 44
0111111, 444. 11,4.11 0111111111 ’11, 4. 4. 11,1.44. 111419.
0111111111 11, 14. 44 111, 4.44
011111(111111111111) 111, 4. 4. 11, 7. 011111,1. 44. 11,14.Ἇ. 1,4.4Ι. 111.

44.1,1.44(1111111,1111,1.44 444
01111111(111111111)111,4. 44 - 01111111,1.14.111,14.4
4111111111,111,1.11. 111, 4.14. vii. 01111111,1.44.1111,14.44

m 0111111111,4.7
cflmiflflm 4111, 010 cum 0414, 101 „o ⁸⁰· ,11414410
0111111,7.17.1111,4.44.11,14.14 01111111,14.4.19.11,1.14.Ἇ 11111
0111111111,14.44.11,14.44 - mammarii, 1.14
01111411111114. 4 0114111, 14. 4. 88
(1311111111 (1111111ἑ1111)1111 9. 11 0111111147ΰὲ1ω,14.14.,1ἷ,ι14ι.4
014111111111111,1.44011111(11) 1111111 11111111 vm
411111,1111111111111,1.11.11,1.11.11

11,.418 0111114111,14.8.11,.441
01111111111. 17 01111111,14.4. 1,14 7
mammam 011111,4.1.,114.1
(Ἓ1Ι104174404Η4 111, 4. 44 ‘clffivwfiou
ἓᾜᾝιιίἶξέὣ 01131111 (1114111111)111,4.14. 1111.
011111111111111, 4. 14. 14. 14. 111, ml ε.1111.1,.1111οω,1.11
0111114111, 4 4 - 0141111111, 4. 11
01111411111411 0441111111,1..14.14.41 444411.
011114111111174 14. 14
0111111111111111141111111, 1444 9111111111.11.11,1.11
01111111111111 · 014111111117.17.41.41.11,971ἰ,
0114411411414111111141111, 4. 4 111. 4. 44. 44
01113111(111111111)11,14.4.18.11,011141111114.44

14191,.414 01114111(ρ111111)11,.444.11,14.ἥ.

011111111(1111111)1111,8. 4 11, 1. 14. vii, 8. 47

 

