ιιι Q. 0011111111. cxlv

Solvit 11,6. 1. 111, 96. 1111, 624. 1011101100 1110011161 6011111 111
viii, 666 16⁵
8011110100011110011111,6.16 80110111, 1. 69
8011010(ιο611.)111,,46.111,.,1671,8011600117
1,..0011 ..,41. 161,ιο0114) 1110100011,οΛ
11, 16. 17. 1111, 29(061.)11, 16. 801611011111,6.6
111,14,ν,1.011,10,,4 11,.11 8106011,16.18.64. 1,12.12. m.
8010111,.,6711, 16. 19. 11,..916 66. 8106000101, 2. 14
’.010000111111001 spadonesv‚12.1s
1, 7, 2. x, 16 6 8 11060111 x, 1. 26
80101011, 4.1 ’ 8106001601111,12.6,17.11,19.26. 1,

’ 8010101111, 16 6 12. 9

80101111116.6,1111,1.60οφ11·1601 81060000111626. 1,1,6.11,6,6
(101111)111, 12. 16 ordinibus 1111, 4. 6 Spasgendae 011001 manus (001110)1111,
Somniiii‚6.16vi,1616 l.1
8001010101 11101111 1111061101 11 1. 66 8101101001(61116010οι)1,16. 16
8000100116,6.4 81101111, 627
Somno 11, 2. 17. 11, 12.4,16. 1, 4. 26. 8111111101,6.16
111, 6. 16, 1111, 6. 6. 1111, 6. 66 Sparsos iii, 11, 14
Somnum iii. 6. 2. 11, 6. 21, 11, 10. 8110001011,1.16.1ἰ,6.2
16.22.26,11,11.6 8110110001,16.14
8000011116.16.11,6.21.111,11, 8110110011ιὶ1,4.69
17, 11, 6, 26 81011000101011, 1. 46. 11,6, 16
8000600111110 incendio (crepitabant) 8110110140011001,11010.
11, 6. 61 11,4. 16
8001101011, 16. 62 810110601061,2.26
8000111, -..162 11,12.26. 111,4. 16 8101110111,19.16
8οο11011111,.1126 ’ 8111111011, 11, 16 iv, 16..7 1,1.26.
80011011,.426,1111,..9161111,,1419 1,.4,,,,2616911,.,216111,
8000112710166111112611 6.22.111,4.66.111,7.16.10
16. 26 11. 6, 1111, 16,9. 111, 217 0000101111
8011611011,1.97.66 1061101101(61111011010>11, 6. 16
8011616111,1,24 81060101, 4.6, 11, 6. 16. 1111, 9,2
8011101116,16.16 810601011111,1,12
8011111110 1111, 6.9. 1111, 669 8111101101 11 4,6
Sopolis 1111, 7.2 811110110101111, 11. 6
8011010101 60101111 1, 7 81011010 (11111111)11, 6. 4
80101011,6.22,11,19,12.111,11,8106010116,6.2
18.1111,6,6 8101111οι111, 1. 16,11,2.16.11,4.17.
8060101624 11,,,,,,16911146·1.11,..111112
8060010166 6261111121 111,16..2 1019.
80161601 0101111111,1.22 66. 11, l. 9(101011111)1111, 1, 46
806160011617 8110111,6,4. iv,1. 29. 11, 6. 26. 11,
801616111,16.29(061’00111)11,6. 14 1426,11,16.21.11,9.29,1111,2.
801616011010100(1111)1111,7.11 62. x, 1. 29
8016160011,12.16 - 8100111111, 117, 1, 4..14 1,9,9. 11,
80101116,1,21 5,,2629,111,1.14,111,2.16.111,8.
Sororem 11,9.17 261111110οι 1,9.19(110106111061110)
8010111111, 64. 1, 6, 12 11, 1. 6. ix. 1. 26 procurandi alieni
8010100161,6,16,1,2,29 - 1011101111, 19 7 ’
611111,11,00.ι,1.11,1,1.00(0 8100010111,1,.16 11126 11,..217
111001010111,9.16 111,2.24,1111,9,22. 1111, 11, 19.
80110161,4.17.κ,6.6 111116. 6. 1111, 14. 16 fecerant ag·¹
8011101 11,16,26. viii. 66 (101100- 101011 10110111, 19. 16 fecerant cas-¹
1001)111,1.16 , 1011001011ὶὶ1, 12. 760100111011001010
Serti v, 126 1, 6. 6 1106011101 universi venientis
801111 111, 211. 11, 7. 21, 1,4.11,.111, 0101011111111,6.17 11060010 speciem
4.66,11,2,6(0110011)111,1,16 non 11010006111101011111, 166

111111. et 700. Clas. 1101101111*

 

