111 q. 1111111111.

0111111111,1.1

0111111111,1.8

Quoefo Vi, ⁹2 Μ· vii, 1111 q

0111111111 1, 1. 81 potentiam scelere
1,1.0

01111111 vim. 18

0111111111 11, 0. 8. 11, 11. 84

0111111111 11, 1. 88

0111111 111, 8. 11. 11, 10. 8. 80. ix, 8.
88. 1.111. 1,8. 18

Quaestio vi, 11. 40

0111001111, 11. 14

0111001011 11,8.10. 11, 11. 11. 18

0111111111, 10. 88. 11, 11. 18

0111001111 11, 11. 18

01111111 11, 8.0

0111111011 gennpoliis 11, 1. 10

0111011111

Quaecumque 11, 18. 11

01111111, 10.18. v, 10. 10

010111111111, 8. 0

Qffilfliv, 1⁰· ²⁰· 11111141 111,11 u

01111181

Qualiacumque 11, 1. 84

01111111,11.4.11.8.0. 8.18

Qualiscumque vii, 1.18. 111, 4. 18

Qualiumcumque ’1, 8. 18

011111 1111118111. 111, 8. 18. 80.
ix, 2· 141104 (mflssifl quw) 111, 11 κ

,8811118111

1 · · 1

Qnmplurimoa vii, 0. 11

Qumpfifflmiv, 0111 7111, ’0 01 Ῐ, 017

0111111111 1, 4. 18

Quffldiu 111, 1101 11, 91 191 11041001
vii. 8. 81. 11, 8. 80

deo 17, 91 101 1Ἶ, ¹³· ⁴0 laum·

111111.ξὶιῖ {Zassdfflqm ..1111
110. 88. ¹, 8. 81. 1,8. 10

0111111111, 10.4. 1, 08. 11,8.80.
111,8.18.111,8.18.11,1.88. im.
81888188100

quma 111, 1111 111, 7· 01 V, ⁴· ¹2 111101
rudes potent 1110 sapientia 1111, 181

01111111 111, 8. 18. iii, 11.84. 1, 0. 81.

0116113111111111 11111. 11, 1. 8. 11,

01111111 11, 18. 88

Quanto 11, 1.18. 11,8.18.18. 11, 0. 8.
1111,4.11

01111111 11, 18. 88. x, 1. 11

Quantulo 1111, 4. 88

Quantum iii, 0. 11. 11, 0. 11. 11, 11. 8.
V, ⁴³ ”n ,ρ 1,· 1⁰· Vi, ²· 01 Vi, 0· 01
111, 8.14. vii. 1. 81

ne ix, 8. 18
Quamcumque 11, 18. 88. 11,14. 18

new„ 14 111. Cla.

cxxix

011811188,1.1οι 1,011

Quarto iii, 18. 4. 11111. 111, 10. 18

Quartum 11, 4. 8

0111111111, M

0111111 1,8.0

01111 x, 0. 88

Quasi iii, 11. 4. 11, 0. 18. 11, 1018.
1, 4. 10. 111811. 11, 8. 8. 11,8.18.
11, 0. 18. 1111, 0. 18

0111111 voco sub 110οο1111 vii, 1. 80

8111111111, 11. 11

8111111111,1.11

011111111111,4.18

01111111 x, 1. 14

0111111111, 4. 80

0110111011, 8. 18

01111111,8. 18

0111111111 11, 8. 10

0110010110 17, 1⁰· 101 'iij ⁹· ²¹

Quatn‘duum 11, 1. 10

0111111111, 1. 8. 11, 81. 11, 18. 8. 1,
1.18. 41. 1, 0. 0. 1, 8. 8. 4. 111,
18. 8. 10. ix, 1. 88

quat 17, 10· 10

Quem 111, 81 0- 3, 01 2⁰· ’1

Quomque 1.0.18

0101111181,0.10. 11,1.11. 11,11.8

0111111111,8. 11

0111111111,4.88

onerabantur iii, 0. 0. 8. 11, 8. 18. 11,
10. 8. 111, 8. 8

QUfflhtur 111, οο 101 11, 7128· 711, 711

01111111 11, 8. 4

01111111 1111, 8. 10

01111111ῑὶ111 11, 8. 0. 111, 8. 81

0111111111 viii, 8. 80

011111,1.1. 1,8.18. 1,8.8

0101111111, 0. 18

0111111011 1, 0. 8

Qui 1,0.11. 1, 8. 10. 18

0111811,οι 101 110191 V, ⁴0¹⁰· V, 01
n· V, ¹²· 101 Ῑ111,1191 mlum-”n
ix. 8. 0. 11, 1. 18. 88

Quibus 1, 8. 81. x, 0. 88

Quicquam iii, 8. 10. 111, 8. 14

Quicquid iii, 8. 0. 11. 18. 14. 1, 0. 18
1, 8. 11. 1, 8. 8. 11111. tm. 1.
Ι, 01 00

Quicumque 1, 18. 18

Quid 11, 8. 88. 1,8.10.11. 1,1.8 ·

0010801 111, 2¹1· 7,οι ⁴· 1111, 0181 11,
1. 80. x, 8. 80. 1,8.10. 1,1.1

Ο111110111 111, fl· 10. 11,,1011 ix, 01 ¹0²·
x, 8. 80. 1,4. 1. 1, 0. 0. 1,1. 81.
Σ, 8181 Ῑ, 101 12

0111111111 1,8. 14

Qnie! V, 11 111 ἵ, 10171 11, ,101 11, 101
18. 11, 88

0111110101 1111, 4. 8

1110. 01111. R

 

