11111

11111111, I. 91

Ingruentibus (an.) 1, 1. 11

1111191111 11, 9. 91

11111111 (1111111191) viii, 9. 99

lumin 11111ςί1 ι, 9. 19

1111Μ1ἓω V, n· 8- 19, 11 ³8

1111111111 19. 1. 99

1111111111 vii, 9. 14

laninam 1, 9. Ι19

1111111911 1,19. 19

1111911111 111, 9. 19. 11, 9. 19

11199111 111, 19. 9

1111111111 111111 11, 4.9

1111911111 ix. 9. 99

1111111111 111, 9. 1. 111, 9. 99

1111111111 (1111.) iii. 19. 19

1111111111 (111.)11.1. 9911111111· ι, 9. 9

1111111111 1111111111 1111111 11, 19.

1111111111 11, 7. 99. 1111, 7. 7

1111191111 11, 19. 91

11111111 v, 9. 99

11111111110111111191, 19. 19. viii, 14.
19. 11.9.111111111]”11 11, 9. 91

111111111111 11111911 nnn 11, 9. 17

111111 11111111 1, 7. 9

1111111111 1, 19. 19

11111111 1, 19. 19 1111ιὶ191111 cnm
111111 11ςί1 111, 1.17. 11, 9. 9

Injtoern 1111, 14. 99

1111111 nunna 1111111111, 1. 97

1111111111, 1. 99. viii, 19. 99

1111111 (plur.) iv. 9. 91

11111111 (1111.) 1111, 1. 49

Iapetum ix, 9. 19

1111111111 norun 111111 111111 1111911

11111111 11, 9. 99

1111111111, 1. 19

1111111111, 1. 1

11111111, 19. 94

11111111 11, 9. 14

11111111 11, 9. 11

111111111111. 9. 19. 11, 9. 94

lnjici 11, 4. 19

1111111111 11, 9. 9

1111111 1111, 9. 91

1111111111 1, 1. 99. 1,19. 19

11111 1111111111 111, 9. 9

Inimici 11, 8. 4. 11, 19. 19

Inimici! 111, 19. 7

IninnicitInrnm 11, 19. 19

Inimicum 11, 9. 99

11111101 111, I. 99. 111, 9. 17. 1, 119

1111119191 111, 19. 17. 11, 4. 9. 11, 9. 11

11111119111111 11111 19111911 V· 9· ⁴

1111111ιὶ111ιὴ 11, 19. 9

IannIuImnn vii, 1. 91

1111111111 temporis (difficultas) 111, 7. 9

11111111 111, 9. 99

Imm

111111(11.1.)11, 11. 9

1111111 111, 9. 99

1111111,9.19. 1, 9. 19. 1,19.1. 111,
111111111919
1111111,1.1.111,11.91.11,1.11
111111 groti-nix, 1. 11

1111111119. 19

11111111111,9.19

’1111 111, 9.17. 11, 9. 9

11111(191.)1, 9. 9
11111 11,9.19 scelesti consilii 111, 9. 19
111111 9111911111 (nyma) 1111, 1.

1111111έ1111.) 1, 9. 4

Initio 1111.) 111, 9. 97

Initium 11, 11. 9

Inito (191.) 111, 9. 99

luituri 1, 9. 11. 1, 19. 19. 1111111
Initum· 11, 9. 7

11111111 1, 7. 9

1111111111 viii. 7. I

1111111 (ubl.) rii, 19. 9611111111) 111,
9. 19. 111, 8. 99. 111, 9. 91. ι, 7. 19

1111111 111, 9. 99

1111111111 11, 9. 9

1111111111, 9. 11. 1111, 9. 19

Injmsn 111111 11, 19. 19 Regin 111, 9. 19

1111111 11, 9. 9

Imm 11, ιο. 91

Inuitum (1111.) 11, 919

Innixu- 11, 9. 94

1111111111 111, 1. 99

Innocenti 11, 19. 1

Innooentin ή, 19. 14

1111111111 111, 9. 9

Infima! 71117191 ¹, 11 w
Ι111111(ρΙ11.)111, 11. 4. 11, 4. 11
11111111 11, 11. 97

11111111 (innocens) 111, 9. 19. viii, 9.
Innumerabiles (111.) 111, 9. 9
Innumerabilia 111, 9. 9 ·

Inopem x. LII 1111111 1111, 11.9

11111111, 9. 11

1111ρὶ1 (11111.) 111, 9. 9. 11, 9. 9. 19. 111,
4. 99. 1,9.19

Ῑῃψίω IV, ιο 1⁹· '⁴02⁶- vii, ⁸· ¹²· 11,

1111111111, 1917. 11,9.19. 11, 19. 9.
x, 91

1111111111 11, 11. 97 ’

Inquinnti 1111, 19. 99

1111111111 11, 9. 99

Inquinitionnm 11111111 1111111111 11, 9. 99

Inquit v, 9. 99. 1, 9. 9. 1, 9. 9. 11, ’1.
94. 1111, 7. 9. 1111111111

1111119111 potu 9111111111, 19. 19

haluntium 11, 19. 19

 

