lxxviii

, 1111111 (tec.) 1,1. 6. 1, 9. t. 11, 6.
16. 11, 6.16. 11,1.6

Intm 11111111, 9. 16

latum 1, 1. 16

Ι11111111(1111) 111, 11. 11. 11, 16. 9.
1, 6. 6. 1, 16. 16. viti. 1. 11

11111111 ix, 6. 11 1111111111111 monti·
11, 6. 11

Integnrern 1111111 Incryrnae x, 6. 6

Integris (1111.) 11, 16. 11 (11111111)1111.
11. 11 (1131111.) x, 1. nt

Integra· (1111111111) 1, 116 (111111-
111)111,1.11

Integrnnt 1, 6. 6. 11, 1. 16

1111111111 x, 1. tt

1111611111 11111, 6.6

lutetiorum ri, 1. 16

Ιη111161111111, 1. 16

Intellignrrnt 1111, 6. 10

11111111 11, 9. 1116. 1111, 11. 9

lutetttgn 1111, 1. 17

Intellign 11, 11. 10. 11, 1. 11

lntnrnpnrnntIn lingna furentem 1111, 1.

Intemperantia hnnnennt 111, 6. 16

11111111111111111 111. 1. 10

1111111111(111.)11, 11. 1. 111, 6. 16

1111111611(1111.) 111, 6. 11. 11,6. 1.
11. 11. 11

111ωὲ6111 (1111.) 1,1. 1. 11, 1. 6
11111 111, 6. 16

“ 1111ηά11111 Iugum 11, 1. 1111111111 111-

tut nt 1111111111 11, 6. 6
1111161111 x, 8. Icum 111, 1.11 111-
emt 11, 1. 16

Intendere (prat.) 11, 1. 16. 1111, 11. 11
Intenderent 1111111111 (11111111) 111, 9.1
Intendernnt 1113111111, 11. 19

Intendit 11111111 11, 6. 1 611111111111
1111111 (Ingreditur) 11, 1. 6 talen
dolum (1111ςί11111)1111, 11. 11

1111161111, 11. 17. x, 1. 19 dotum
111, ⁶· 2¹

1111111111 11, 1. 11

Intenti (plur.) iii, 1. 11. 1, 11. 1. 1111,

1111111111 curn 111, 11. 6. 11, 11. 16.
11. 16. 11

1111111111, 16. 11

Intentos 111, 1. 11. Ix, 6. 11

161661611ἰῆ, ⁸⁴ ᾗ· ix, ⁴· 28

Intnntnr 111, 6. 16 operi diurno 11, l.

111111116. 8. x, 16. 11

Intercepernt 11, 1. 6 1111111111· pedestre
(praeluserat) ir, 1. 9

Intercepta· (1111.)11, 16. 16

Interceptnnt vI‚ tt. 16

11111611

1611111111 116161 (ΝΜ) '¹5¹'- ⁸·

1111111ρί glorium (1111111) 1111, 1.16

Intereipienre 11111111 naun 1111111 (in-
penienoe) 11, 11. tt

Internipit (exeipit) 1111, 9. 6

Intercluso spiritu exfincti 1111111, 6.

11111111111111,6. 11

Interdiu 1,1.1. 111, 1. 16

Internum 11, 1. 11. 11111. 11. 11,11.
16. 11. 111. ll. 11,1. 10. 1, 1.

Ι11111111111111,6. 11

1111ηωί1 11, 6. 11

Intemnrnnt 1111, 1. 6. 1111, 11. 1. vm,

Interanniuet 11, 1. 16. 1111, 6. 11

1111111111111,11.16. ix, 1.16

Interemton ix, 6. 16

1111111111 (nce.) 1,11. 11. 1111, 11.

Ῑ111111111116111 11, l& 1

1111111111 1, 1. 1. tiit, 6. 16

luterem (161111) iii. 11. 1

Intereat (111111) 111,1.16. iii, 1115.
111, 1. 16. ix. 2. 16. 1, 6. 11

Intereunt 11111ςὶ1 itineris pristitti 111, 1.

Ῑα11111611111 111, 6.·16. 1111, 1. tt ‘

1111111111 (plur.) 111, 11. 11

11110ήώ (Plura) iii· ¹¹0 ²⁷· iii, 1⁸· ¹⁷·
11. 1. 6

Interfectis (1111.) 1, 6. 16. 111, 6. 16.
111, 10.16. x, 10. 16

laterneto iii, 111. 1, 11. 11111·
10. 1111611. ix, Μ

11111111111111 11, 11. 11. 11111611

11111111111111,1.11. 11, 1. 11

11111111611. tn

. 11111111ω1111111,11.16

1111111111111,1. 11. 11, 1116. ¹.

[1111111111 111, 11. 1. 11, 1.11. 11, 6.

1111111111111 1, 6. 10

luterfecmn viii, 1. 11

111116111111,1. 6

Interficerent 11, 10. 16

Inrerficerennn iii, 11. 11. 111, 6. 16

11111611 11, 1. lt. 111, 11121. viii, 1.
11. ix, 1. 11. ild-9. ix, 10. 19. 1.
1.6. Χ,1.6

Intnrficiendum (nce.) x. 10. 16

11111611111111, 1. 11- 11, 11.16

1111161111 1, 6.1

11111611111111,6.16 meditat iti, t.2

Interflnit 111, 1.11. 111, 6.1. 1, 1. 16.

 

