X ¹⁸an

1111111111 11, 11. 11 1111111111(111.)11,1.1. 11,111 “
Animum 11, 0. 0. 1,1.10 Ambautai: 1, 1. 40
Auitum 1, 1. 11 Andronico (111.) 11,1.1
11111111, 1. 1. viii, 10. 11 11111111, l'. 11
1111111111110.11.1.11.11,10.11. 1111111111. 11
,1151 2¹:²⁶0 ,11181 191 ,111100 Anss‘w ν1 ³⁸²¹
1111111 11,1.1 Augeat, 1.1
Amnibun 111, 10. 11. 1111, 1. 11 August: (num. 11111.) 11, 1. 11
Auni· 111, 1.1. 111,1. 1. 11,11.11. 11, Διιςω 111. 11
4. 7. 111.4.11. 111,1.11. 11111. 1111111111,0.11.11,1. 10.11,1.11
10 1111111111,1.10.11. 11,111 ’.1.
1111111111, 1. 11 1. 11.11. 1,4. 11
11111111,1.11 1111111111ὶὶ,0.0. 11,1.1. 11,111. ἲ
Amniuoe ffi‚⁴·⁹ '1 ι’,
,1111111111 111, 1. 11 1111111111 11, 1. 11
1111Ιὶ11111(111111111)1111,1. 11 1111111111111111111
Amo! 1,1. 10. 1111. 11 1111111111. 11, 1. 11
Am 111, M. 1,1.11. 11,1.11. 11, Angustissimum) 111,4.1
18.11.1111,1.1.1111,1.1 Αυςυιῦιοῂω. 1,1.11
1111111111,1.11 Amnum (111. 11,1.1
1111111111,1.11 11111111,4. 11. 'mu
1111111111 111,4.11 Αὼιᾱ...111111.1.11
11111111111(111.)11,1.11 1111111111,14.11. 1111, 14. 10. 11, 1.
Amphoterum 111111 1. 11,1.1
Amphotero· 11, 1. 14. 11, 1. 11 1111111111 11, 11. 11. vimn- 1. 10·
1111111111 iii. 11. 10. 1, 1.11. 1, 11
128 Animum
Amplexi (11111.) 111, 0. 11 1111111(1111.)111, 1.1. 111, 1.11.·111, 11.
Amplexu· (11].)11, 10. 11. 11, 0.11.1, 11. 11, 1.1.11. vii, 4. 11. W» Β· ⁸
111 (ριυι.).11,1.1.11..1,111.1.,1
Amplior 1111 1. 11. 11111 11
11111111 14.41 Animi· 111114. 11,1.1. 111. 11. 11
Ampliori· 11, 0. 10 8111111ὶί11. 1 (dm) 1, 1. 11
Amplin'num (111.) 1, 1. 11 Aa 111, 11. 1. 1,11.10. 11, 1.11.
1111111111111111. 11, 11. 11. 11,1.11. 111111111111111.
11, 7220 11 1⁶
1111111111ῧὶ, 14.11 Λ111111011111111,10.1.111,11.1.1.1.1
1111111111,1.10 1111111111,1.10. viimi. imm·
Anapum· 111. 11,11.11 1,0.11
1111111101 nbi. 1,1.1 1111111111ἰὶ, 1.11. iii. 11. 11. 1110·
11111111111(1111.)11,0.1 1. 11, 1. 1. 11. 11. 11 (m-
Amputnvmt iii, 1. 11 tim) 1, 1. 11. 11,1.11. 11, 0. 10
Anapum-it 1111, 1. 10 Λ11111111111,0. 10. 11,1.11. 11111. Ι.
1111111(1111111111) 11,11. 11. 1, 1. 111111
10 11111111(ρ1111.)1,1.10
1111111(111111111111. combam) 11, 1111111111, 1. 11

1.11.111.1..ι...1..1,1.11 Αωι(μ.)11,1.11.1.,1.11.11. ,

Amyntan (Andromeni.) 11, 1. 11. vil, 10. 11
1. 10. 11,1.1 Anni· x, 1111
1111111111 111, 0.1 (Antiochi) 11,1.11. 1111111111111111111.) 11, 1. 11. 1“Ι’.
11,11.11 Andromeni· 1, 1.11 (Am 1.0
1111111111)111,1.11. 11,1.1 (11111) 1111111111, 11. 11
11,1.11Ρ11111111111,10.11 Anno· 11, 11. 10. 11,4.1 di, 1. 11.
Ampn 1,1.11. 1111,14.1 ine-19
1111ρί1οωί11. 0. 1. 1, 11. 1 1111111111111,1.11
1111ρ111(111.1111,1.1. 11,1.11. 11, mummi!
η· 9· ,14111 ¹ Annunstbln) 11116111 Vi,fi·ss
Ancyram iii, 1. 11 11111111(11Ι.) 111, 1. 11
Andromeni 11, 1. 0 Ananim 1. 1. 1. 1,1. 11

 

