 

1³⁰2 111111 1111111111 111

111111111111111111111111 111111· 1111111111. w. 1111111111111111-
11111111111111 11 11. 1. 11. Non· 1111111111.1.19.1111111111111111]111
1111 111ιι 111, 1111 111. 11. 111111 11111, 1111111111111111 1111111111ι1
111111,Αι1111111111111111111 1111· 1111111111. 111,111111ο,111111111.11.
11111 Inclusisse monodiarum 1111. 1. 1111111 1111Μ111111111111111 11·
1111111. corruptum 1111111111 11· 11111,111111111111111111,11111111·
11111 0111111111111111111111111ι· 1111111111111,11111111(1111111111
1111111, 11111 Metropolim 111111111- 111111111111)11111111,11111111 1111-
1111 1111111111ςὶ 111111, 1111 1111111· 11111.1 111 11.11.1.1 111111111111111
111111111111,111111 1111111111 11111 111111111111111111111,111 11111111
1111111111111111111111111101111, 111 11111111111111111.1 M
1111111111 0111 1111111 1111111111, §o 1111111111111ω1111] 11111111·
11111111111111,111111111111 11111· 11111111111111111111111111 1111111
111111 111111111111111111. ctum 11111111111111111111 111111 1111111111,
1111111111] 111111 111111. 11111111 111111111111111111111111 1111111111111,
11111111111111111111111811111111 111111111111111,111111111.1 1111111
11 Alexandro 11111111. 1111111 111. 11111111 11111, 11 111111111111111 11-
⁸. 11. 111 3111111111 111111 1111111· 11111111111111111111111111111111,
11111111111111111111 1111111111· 111111 1111111111. 1111111 1111111111·
11111111 111,11111111111 11 11111111 111111111111,1111111111 1111111111
111111111111111111.1 11111111. 1111 11111111111,11111,]11111111111111111
1111111 11111111111 1111111 Elian. 11111. 11111111111111111111111,111ι nempe
111111. 1111. 11111111111111111111 111111 1111111111111111111111 111

11111111111.Α11111.1111.1.111111· 111111111111111111. At 1111 11 ·

11111111. 111111 111111111 1111, 1111111111
1111111111]11111111111,11111111 11111 11111111, 1111 1111111 11111·
11111 1111111111. 11111111. 111111111 1111 1111111111. mer.
011. 11. 1111111111] 811111 111. 11111111 qm] 111 1111111 1111·
xl. 1111111111· 111111 1111111111· 11111111111111111111111111111111111,
11111 1111111111 11111111, 1111111111 11111111111111111 1111111111 11111·
interveniente, 11111111 111111 111181· tigando 1111 gauri. ’1111 1111 jum
1111111111 11 1111111111,111111 01111· 111111 1.1. 11. 1111111111 1111111111,
111111111111111111111111111111111· qni 111 111. 1 1111111111 11 111111, 11
111111111.11111 01111111,1111111111 111111111111111111111111111.’ Quo-
1111111111 nominant! 1111111111 11.1. 1111111111ῐὲ1111111111.11.1.11’11·
11. 1111111111111111.1 11111111. 11111111110111111 1111111111 Epi·
1111111111] 1111. 1111111111111 11111111 11111111 ι11.011111111.ι1
111111111111 11 1111 1111 1111111111. 1111111111, 111 regii· 111111111111
111ι111111111111171111111111111. 11111111111,11111111111 11111111 1111
1 1 roem ,1111 1111111] Edit! 11111, 111111 montium 111111 1111111111 111-
111 1111111111 1111111111 11111. 1111111. Ι1111111111,111111111 111111111111111
§⁵ ,11 111111 111111] Annibal 11 111111111111111111111181111111111
01111111 111,111111111111111 11 111· 11111 111111 11111111 111111111111.1
1111111111 11111111 11111111,11111.1· Qui 11111 111111111111111111111111
11111111. 11. 1111111111111111111 1111111111111111111111 1111111111-
1111, exercitibus 11111111 111 ipsos, 111. 11111111.
11111 11111111, 1111111 111 pennis 1811111111 11111111]111111,1111·
111111111111111111111111111111.1 m. 111111111111111111,111111111
laem. 111111. 11. 1. 11. 1111 11111- 111111111;’ 1111111111 1111111111·
1111111 1111111 111111 11111111. 11 1111111111111111011111.’ 1111111111.

 

