11 Q· 2111111211.

1111111111 11, 10. 22
2111111111,10.0
211121111,7.28
2111211111111,2. 17
Β1112217,7. ²8· Vffi, 101 15
2111112111,2.11
21111211111,12.8 ·
21111111, 8. 10. 1, 10 0
21121111111.1
2111121112, 0. 11111111. 1111, 14. 1
211111111917
2111021,.11. 2
2111111111, 8. 20
21121112 uquarum 1,1 18
2111111211,1.20.11,2.0
2111122121, 18. 2
2111111211,14.11

2111111111,2.2.111418.111,8.1.1111,

1.27.22. 11,9.1
212121211111210. 1111,8.11
21112121211,0.12.1,1.7
21101111211111, 2.12. 11.28. 18
21111111,.222.11,.720.111,.720
2111111111 11, 8. 22
Dixeris vii. 7. 22
211111111129
2111111111, 2. 11 ·
2112122111, 11. 10. 111, 10 2·
211111, 14. 22
2111111111...127 1,0..111,..21111,

1.2.1111,1.17
2111112111210. 11, 10. 0. 1,7.11.

111, 2. 87. 111, 7122. 11111. 87.

7112, ⁶8²⁵
Dilffi', ²· 21 71181821 71, 10121111

11.27. 1111,8.1. 1111111111 18.

1, M
2222221111817
11...1111111,1.’11
22221111, 2. 2
2222121,1..8.1418.11,10.4.111,
22121111, 2. 10

11.... 1., ι. 11. 0111111111. ix‚'

2221121112,0. 10

2221121221 1111 9. 25

22211111,4.10. 1111.11.11.11,1.1

2222122211111,11.2

2212221121, 8.7

2222221122 111, 2. 18. 1, 8.12. 1111,
0.12.1111,14.20.1,2.22 (exem-
1111112)111,0. 4

2211111111,0.14

2211111111, 0. 2. 1111, 4. 11. 11,2.19

nolanus 1,09

Dolor iv, 10. 18. 1, 2. 21. 11, 2. 4. 111,
1. 7. 111, 7. 2. viii, 8. 40. 11, 2. 2. 1.

2. 8. 21

-22“

111

, 1121211111, 11.11. 11, 0. 19. 11, 10. 2οζ

11.2112. ,1261 ¹⁹· ixa-”⁸ 12, 81
27.1,2.7.9 >

nomm 12111217· inesto· 17, 82 91
11,..01711,..211111,1,.88.11110’.
22.1111,10.29

2212111. 2. 24

221211111, 10 21 11, 11. 21. x, 2. 20

Dolum 111112 intendit 1111, 12. 17 111112
1112101211ιὶ 2. 21

2221110111,0.4

2211121221 11 8 9

2212118221,11.2.11,8.9

2212111122 1111111111, 0. 81 1212211111,

'npetu ”

Domi 11211 a iii, 18. 18. 111, ’2. 88. 111,

2211111111 11, 4.20 ’

2221111111ίῆ,7.1

Domina 111, 11. 22

2221118οῶ11. 8 -

2211111111, 14. 211, 2. 17. 111, 2. 27

2211111111(1111.)111,12.8.11,0.10.111,

22111121111128

Dominum ’11, 8· ⁸¹: πο ,1111141401 ¹¹

Dffllissll· 17, 21 ”0 12, 1⁰0„

22111111 1111107

2211112111101

2221221121, 2. 17 ·

2221211212. 11. 10

nominavi, 8. 8. 11,10. 20 ’

1121111111,1.2ςπμ2222111121,1.24

2211111211, 1. 89

2212112111111,12. 19

2211112111 12111111 ad mansuetudinem 11,

22112111, 2. 87. 1, 7. 12

22122111,1..891,.29.11,..217111,
10.2.1111,2..20 11,1..211,.884.
11,0.1

2221211121 11,8.2

Ῑ)01112111,7. ¹⁹· 211, 91 Π ⁹

2211121211,8...1822 11,.ωο20 111,.2
27.1111,0.28.1111,.711

2211121111,18.14. 11820. 1, 1. 28.
1, ⁸⁸⁸· 1, 916

’222111,..2211,7.0.,..28.11211,
2..10.20.,..172011,.222 11,0.
02111817

Βο1882201,1.22

22111201(122111112112111)1, 2. 10

211111111μοί1 21111111 11111111 dignm 211
(21121)11,2.29

Donat 11, 11. 19. 1, 1. 44. 1111, 0. 20.
11,1.0

2211111111, 2.8

 

