lx

fluentibus 1111111111 viii, 11. 11

Fiuero 0111111111 1, 1.9

Fluit 111, 1. 8. 11, 7. 11. 11, 11. 111,

1111111111, 9. 19

fiumen 11, 9. 11. 11, 16. 16. 111, 1,11.
111,7.11.19. vii, 19.11. 11,1.1.
17.18. 11, 1. 18. 11, 16.6

1111111111, 16. 1. 111, 1. 11. 111, 1. 11.
11. 111,7.11

1111111111,7.1

1111111111,1.19. 11,1.11. 11,8.1

tit-nux

10111111, 11. w

1011111116. 11 ¹

1011111, 11. 1. 11,6.1. 11,·1. 16. vio,

1011111111, 1. 11. viii, 61 ”

romi. V, ,ο ιιι vi, ²· sssvffi. ⁴· ’ὅ

forma 1111. 11. 111111. iv, 11.
11. 1111, M. viii, 11. 16

16111111 111, 1. 6. 11,1.11

romanum publicum 1111111 ι, lm

1011111 1111, 919 ’

1111116111 11, 16 17

Fluminibus 11, 1. 8. 111,1.1. vii. 8. 1( 1011111111 111, 11. 11

Fluminis 111,1.2. 11, 6. 1. 11, 9. 111.
1,1.18. 111,8. 1. 11,1.6

1111111111 11, t. 1. 8. 1,1.1. 19

fluviatili piaco vii. 1. 111

1111111111,1. 1

1111111111, 9. 6. 1111, 2. 11

Fluunt iii, 1. 7

Fluxerat 1, 7. 9

1111111 viii, 6. 19

111ιί1111 11, t. 11

Pudore 111, 19. lt

1011111111, 19.1

111111111111

fodiebat 11111111 11111, 11. 11

10111111 1, 7. 17

11111111 lum omue 11111111, 16. 1

rodon iii, 19. 9

rodere iii, 1. 19. 1,1. 11

1111111111, 11. 1

11111111 111, 11. 11. 11, 1. 11. viii, 9.

1111111111 111, 9. o. 111, 11.(1. 19. 11,
19.1.1,1.18.1,6.8

11111111 111, 11. 10. viii, 1.17. 11111.

1111111111 11, 1. 19

1111111111νί11, 19.19. 111, 11. 11. 11, 19.
29. 11, 11. 17

Folia 11, 1. 11. 1111, 19. 16

1011111111, 1. 11

Fomenta iii, 6. 11

Fons 111,1.1. 1, 1. 111. 1,11. 11. 111,

1101111115

Fontem 11, 7· 22· 11181 2³

111111 11, 7.16. 111,1. 16. 111. 11. 1.
1, 19. 11

1111111117 ·

Fontibus iii, 1. 9. viii, 1. 11. 11, 1.11

Fontis v, 1. 16

10111111 111, 19. 8

Foramine vii, 1. 9

Poro 11, 6. 11. 11, 7. 16. 18. 11, 16.
111, 1.6.1,1.11.1,11.5. 11, 1.
18. 111. 11 cuncto in expeditoiii,

1. 11 magno impedimento 11, 111

Formidine 1, 9. 11 ι

formidinem iv, 11. 11. 11111. 16. u,

Formidinis 11, 116

Formido iii, 8. 11. 11, iou

Fomotibuo 11, 1. 11

Formo. 17

111111 iii, 1. 11

1111111111 11,11. 11. 11, 11. 19. 1,11.
n· Vii52os⁷u ,11181 u· viii, ¹0⁸⁹·

’ viii, 1. 7. 1111, 6. 8. 111111. 11. 11.

619. 1, t. 11

Forte (tortum) iii, 8. 11. 111, 11. 1.
111, 11. 1. 1, 1. 11. 11. 11, 7. 19. 1111,
1.11.1111,6.16.1111,19.11. 1, 811

Forte· 11,11.1. 11. 111111 ¹22·

1111111, 1. 11

1011111111, 11.7. 1,1.19. 11, 7.6. 111,
¹· Ἠ. ,11. 20⁷

Fortior 111, 8. 11

Fortior· 111, 1,111

Fortiorem 111, 11.11

1016111111

uoniam 1,1.1. 111. 1.17

tortissimi· 11, 1. 19. 11,7.11. 11,9.1.
111911 .

101111ιί1111 piguu· 11, 7. 9 (111κ.)1.

Fortiter 11, 11.6

fortitudine vii, 1. 17. 111, 9. 18

Fortitudinem 11, 11. 11. ’11, 7. 11. 1,

fortitudinis 11, 11. 6. 13. 1, 1. 1

Fortitudo 1, 6.17 .

1011111111,11.11. 1, 9.11

1111111111, 1. 19. 111, 6. 22 1111, 1. 16

1111111111, 1. 17

1011111111 viii, 19. 17

Fortuitomm viii, 19. 11

fortuitum (uout. occ.) 1, 7. 6

1111111111, 1. 11. 111619. iii, 11. 11.
11. 11. 19. 1, 8. 6. 1, 9.1. viii, 1. 6.
11111112. viii, 11. 11. ixa-tt.
1,1. 11. ix, 1111. (mummio,
Ι1.71111111111,1.11

 

