lxxx

111111 vinnm vitun
latonam-vunnu
1111011111 (1111.) 11, 11. 10
lanum (111.)11, Ι. 11
11110111η1ὶί0 11
lanu-innecii. 11. 10
homini Ι111110

1,Ι.0

mmmmm. 11111

lumi 1.1.10

1111111 111, 11 11. 11, 0. 11.11,11.0.
1,11.11.11,1.10.11,0.10.111,1.
0. 111,1.1.1. 111,11.0. 101111.

ζίἰέίΗ. 10. 11,0.18. 1, 1.17. 111.

1111110111, 11. 10

lumenta 1, 1. 0

latuentibu- 11, 1011. 1, 0. 1. 11, 1. 1.
1111,0.10.1,0.1.1,0.0

1111101 11, 1. 10

laum 11, 11. 1. 11.1. 10

Intuerentur 111, 10. 0. 11, 11.11. 1, 10. 10

11111111 111, 1.18

1111111111111, 1. 10. 11, 11. 10. 1, 11.
0. 11, 8.10. viii, 0. 8

lutum· 111. 1. 7. 111. 10. 0. 1111011.
11, 1.11

11111111 11, 1. 18. 11, 0.1

1111111111 111,8.11

Intuli 111, 0. 11

1011111Ἢ 11, 101 ¹⁰· V, οο 1

Intulit 11, 11. 10. 1,1.11. v. 0.10

lntnvnnvcnm 1111111111111111 11, 11. 11

[atumem 11, 0. 10

Intumuit 11, 0. 10

1111111111 111, 0. 10

1111111111, 10. 10 in rupem viii, 11. 11

11110111 11, 10. 0 punam 111. 0. 1

1111111111 (plur.) 111, 8. 10. 111, 0. 11

11111100 11, 0. 1

1111111111.) 11, 1.10

Δ 1111111111 11, 0. 11. x, 10 1

1111111111 111, 0. 0. 1111, 10. 17
1111111111, 1010. viii. 10. 0
111111111 11, m
1111111111, 11.10. 11, 10. 1. 1, 1010
11111111 1111, 1.Ιο
lancta importata (acc.) viii, 0. 10
lnvnctae ( 111.) 11, M
Inventi (1111.) 111, 11. 1 .
Inventus iv, 1. 11. 11.10.1. 11, 0.10.
viii. 11. 0

1111111111 11, 41³
Invehebatur viii, 1111, 10. 11
1111111111 1111,10. 10

1 Invehernnt ve crebri 01111111, 0. 10

1100οΧ

1111111 11, lm 11,0. 0111 hom
111110111111101011111 11.10.10

1111111111. 11

1111111111, 1010. 1111, 10. 11 nunu
(111111)11,0.10 ·

1111111111 111111 0111111111, 1. 11

111011111111, 11. 11

Inveni 11, 10. 10

11111111 11.111. 10

Invenietis 1, 0. 1

Invenire 10, 0. 10

Inminet 1111111111 salix 1111011111 1111.

111111101111, 7.0

Inveniri iv, 0. 00

Invenit (pm.) iv, 1.1. 1111, 0. 11

1111111111 111, 0. 10

Inventam 11, 0. 11

Inventignvem 1111, 0. 11

1111111111(101.)11. 0. 1

1111111111 11111111 111, 10. 0

1111111111 moin viii, 0. 11

1111111111 peregrim 1111111111 1,1.

111111(1(1111.)11, 010. 111, 0.10 (plur.)
111, 0. 0. 111111. 11. 1111, 10.7

111111(1111.)1,0. 11. 11, 0. 11. 11,0.10

101111 1, 11.18. 1, 0.10. 111, 11.1.
1111. 111

Invicem 111,0.0. 11,0.10. 11,10.11.
11. 11,7.10. 1111,1.10. 1111, 1. 0.
..1111111111 111111
invicem fide 11111111 1111, 11. 1

111111111101111. 111, 11. 10. 1,
fl· ³· 11, 01 u

11111111 (311111, 0. 8

Invictum 1, 11. 0

1111111111) 111, 11. 11

1111111 (gon.) 11,0. 11. 11, 0. 11 (plu.)
11,1.10

11111111111, 1.11. 111, 0. 11. 1111, 0.
10. 11, 0. 7. 11, M

Invictum iv, 110. 11.1. 10

Invictus 1,1. 11. 11, 0. 11. 11. 7.1.
111, 0. 11

1111011111 11, 0. 10

Invidetont 11, 0.11

11110111) 11,0.10. 111, 1. l. 1111.
l. 11. 1111,0.10. 11.110. 1,1. 20.
ι,0.10. 1, M

111111118Ν 11, ⁵· 2⁰ Vi, 11 w· 11. Μ. nv
111, 1.11. viii, 0.10. 1111, 0. 11

1111011111 (11101111, 11.10. 11, lm

111101111111, 1.11

1111οω viii, 11. 10

111111(101.)11,11.0. 1, 0. 10. 111, 11.

Inviolntn iv, 10.10. 1, 1. u

 

