11 Q. 11111111.

011111110111111111 vil. 0. 00.νὶ1, 10.

0111110010 111, 1. 0. 1111, 10. 10

Circumpiclebenl 1111, 10. 00

Qum 111. 01 ,e 0111) 'e ‘a lx, ὅ.

0010110010οΜ 11, 0. 11. 1, m

mmmm ,1, ¹⁰· ⁸⁶· Ι, ⁵· ¹

0111111110111111,0. 10

011111111111 111, 11. 10

circumvehi iv, 11. 1. 11, 111 eug·
enum viii, 1111

0111111111111.11.11

emmim 11, 10. 00. 11, 1. 11

circumveniunt 11111111 magnitudinem

qlcfflnll 1111811. 11

0111011111 11. 10.0

c'ux,e. 10

0111111111 x. 0.0

01111111, 10. 10

01111111,10.0

011111,0.10. 1, 011

01101111, 10. 00

011111 1, 0. 11

0111111, 0. 0. 1, 0. 10

0111111111, 0. 01. 1, 0. 11

0111111, 0. 11

civilem 1110111111 (populeum) 11, 0. 0

011111 celte (11111111) 11, 0. 00 111-

1001111111

0111111 11, 11. 1

0111111111 1, 0. 10

01111 11, 0. 01. 11, 0. 11

0111110011 1, 00

eifum 10, leue 0119001 1000181 He
ἦτοι ”

0110111, 1. 10. 11, 010. 11, 0. 0. 11,

cluam 111, 0. 00

01101111,10.10. 11, 10. 10

01101111 11, 1. 0

010011 111,10.10. 1111, 1. 0.- lx, 10.

claim 1, 0. 10

clm 1, 0.0

01ω1111111111.0

clematium 11, 10. 10

011111111111. 1111, 7. 0. 1,1. 10

011111111111 11, 0. 1

cm iil, Η· ⁸« 1,, 01 ue 10, 91 ²⁰·
10121 we ix, 01 ”a 11, 80⁰· 11001101
1, 0. 10

cllum 10041 01 lv, nemen· 01111
10. 1111, 10. 10

cm 111, 101 11 iv, ¹2· ”¹ ,11) ⁰·
10. 1,0. 10

(1111111,111. 111, 11. 01

„ffi

01111(ξ1181.,)11,1. 11 (3111110. 01.
11, .

0111111 11,0.0. 111000. 1111. 0. 1.
ix. ⁸· ‘⁸

claim 1111, 10. 00

0111111111, 10.10. 1, 0. 01

0111111111111 111, 0. 0

clarinto 11, 0. 0. 11, 1. 00. 1, 0. 01

0111111111 11, 0. 11

clune 1111, 0. 00

011111 1111010 ndei-operibus 01111111
1111,1.0

01111111,0.10. 11, 0. 10. 10. 11, 0.
0. 11, 0. ll

0111111111, 0. 10. 11, 0. 10. 11, 0. 10.

olel 1· 11.· ¹? 111 ¹⁶

'e ⁰ · 1

011111 (del.) 11, 0. 10

01110111411,0.11. 11,010. 11, 01.
1, 0.1

Classici· 11, 0. 10

0111111 11, 1. 01. 11, 0. 10. 11, 0.Ιο

01111111 et inb-bilin navigi: 11, 0. 10

claudebant 11, 10. 0. 11. 11, 10. 00

01111111οω 1111, ¹· ω

01110101111111, 0.οΙ

0111101110, uto

Gnidum 1,οο 0

0111111111.. perpetue 1111110. 10

0111111111ίί, 1. 00. 11, 1. 01

011111111111,0. 11

0111111111, 1. 11

0111111111, 1. 01

1111111111, 1. 11. ι,1. 11 1111110111.
11, 0.0

claustrum iv, 0. 01

clausum 11, em

0111101111, 0. 11. vii, 0. 01. 1,1.1

0111111111,1.11.11. 1,1.0

0111101101, 1.1

Clementer 11, 11. 10

elma! lil, ¹2· ’¹0 “e ’11. ,e ¹⁸·
viii, 0. 0. 1, 0. 00

clementi· 11, 10. 10

elemflm ν10015· '3 01 l· 'iu ⁴· u·
1111, 0. 0. 11, 1. 00

Clementiae 1, 0.0

0100 0111. 01 81 10

Cleocharen vili, 10. 0

011111111111, 0.0

011111111111, 0. 01

0111101110,Ιο 00

clientium 111, 0. 01 ·

0111111111 11, 0. 10

011111111, 0. 00

clito 1111, 1. 00

0111111111,1.11

01111111, 10. 00.Ι vili, 1. 00. 01. 00. 00.
00. 01. 00. 111010

 

