111, 1111111111,

11,5,14111,,.519111,4..27 111,

111

4.5.“11,21

541119591111214111110 Το11111111111,6,,2111,..62511,14..2

51,1111,11,2.11,.94
1111111111,.,10611,..9511,,.10511,
15..591,.5,2511,2,.9114.5.
115151102111991110
2.msswm‚ss.w
Τ111111111111,,.,10,511,55,117.25
11,..112211,,1479.11,5..51111,
8ὶ10,17,,11,,15.11,.419,11,5.
1111111156114201116511

11,15. 11, 1211, 11,15,25, 11, 14.

1.,,1114,,,,.,..55149151411,
522, 25
Τ11111111111111, 19. 52
Ι1’11111111111,5.4.111,.7..01111,156,
Τ1111111111, 9. 25
’111119111127
111111111,5.6.1111,4,5.1111,..1516
11, 212, 11, 4. 24
Terrsrsnt' 11, 15. 55
1111111111, 514, 11, 10,2
Terret 11, 7. 19. 11,2.19
Terribilem iii, 6,10. 11, 2. 15
Terribiles 11, 15. 5. 11, 9. 22
Terribili iv, 12, 25. 111, 29
Terribilior 1111, 15. 19
Terribiliora v, 4. 25
1111151111111,2.12.1111,14.27
’11111111μό1, 11,.69. 111,.519
Τ111111111111, 15. 25
Τειτ111111,9.11.11,1,50.11,15,19.
11,519,11,5.54,11,4,16,11,,6
.1, 519
Τ111111111, 4.10.11,9.16.11,15,18,
v. 15. 22. viii, 1425, 11, 915
Τ11111111,2.14

1, 2,.11 11, 7. 9. 29. 1, 6. 22
Τ1111111111101,10.5
Τ1111111111“’ 111, 12. 25
Τ111111111,15,15
’2111111111,,.42 11,10,15.111,1,19.
11, 7, 29
Τ111111110.55. 1,12.5,11, 10, 19
Τ1111111,15.12,1,2.4.11,10.26
Τ1111111111,5,21.11195111111111,
Τ11111111111111111, 6. 2
Text 11 2. 29
2111111, 7. 51. 111, 7. 56. 1111, 1. 29
11111111, 7, 5
Thsiestrin 11, 5. 25
2111111πί111, 5. 29
Thtpsscumx, 1. 19
Τ111111ο11,6.21,25
5111111111, 4. 20
Tbebsrum 1111 1. 55
Τ1111111111,4,10
Themiscyroe 11, 5, 24 ,
Theodotum, 2,5
Thermodontsvi, 6. 24
Thersippus 11, 1. 15
Τ11111111111,2.11
Τ1111111111111111,2,17
Thesauros 1, 5. 2. 1, 5. 25
’1111111111“’ ιιι, 2. 16. 111,11. 14, 15. 11,0.
Thessalis ιιι 96
'Thessalos' ιιι, 11. 15. 11, 15, 4
111111111111, 0. 5. 1, 6. 15
2111111111,7.14
Thomcemvii„s 16,111,6..5 11, 5,0
Τ1111111111,4.15. 11,15,51. 1, 1. 41,
viii. 14, 24

Τ11111ο111,1.52. 11,15.4,11,15,19. ’111111111199

19. 26, 111, 9 9
Τ11111111111, 515
Τ1111111111,.15 15. 11, 16.4, 1,11,7
11,..216 1111,.416.11,,.,.52517
2111511194, 1,.,2191,.76. 111,.2
4111, 4. 52 11,9, 19
Terram, 4. 16. 11, 11, 20
Τ1110111111,4.50. 1111,10..5 1111,14.
25.111,16.11,.241,5.15
, Τ11101111110111111111111,4.21
Τεπο11111,6,7
211111111111, 4.6
21111111111111, 5. 25
Terruisset 1111, 15. 25. 11, 5. 19
2111111111, 1, 15. 1, 8,5
711111111,6,22.1,..571,.417
1111111111,10,5

Τ11111111,1..1111,,.7511,.521

Τ11111111111,10,.911,2..151,,.144
1, 10. 4

Thraciamviwss 111,650.11,029.
1,10,4

1511111111,5.5.1,1.21

Τ1111111,1.29

Thunbuls 1111 9. 25

Thymodesiii, 5. l. 111, 6. 1. 111, 92

Trbrcrnum 11 10. 26

Tigresix, 6.2

1111111, 9. 6. 19

Τ151111111,9.14.16,11,10..9 11212

2111111111,.5,411167111211

Τ1ζ11111,9.,9 11, 14, 19. 15

Τ111111111115.15
Τ11111ς151111, 5. 21 ¹·

Τοῐ1111,5. 17. 1, 1219, 11,4,.2. viii, 111115111110. 27

 

