1111 mun

1,1.22 61111110 1,8. 0. 1,12.1. 11,’1.11.

menmium 1111011111.1111111111. 1
0101.1.,ιι.11.11,11.1 1110 11..11,1.11.10,111.1111.11.11 ’

,11, ,nnumin 1111 hy⁴nuti1900 ’ξίρῖσοο 'sintne yffissffl Vffi,
21. :Mu l .1
610111 11, 7. 20. 11, 11. 1. v, 811. 6111111111,8.7.1.12.1. 11811. 11,
11,2. 18. 11,1. 1. 1111, 12. Ιο. 11, 11.1.111,2.11. 1,0.10
1. 1. 1, 0.1011111111[1011ῠ11,2. 0 61111011 iii, 7. 10
mm 11, 111 u· 1,, 141 „- V, 111 (1η1101οὓ111,18.6
0. vii, 1. 28. 1111, 1. 21. viii, 11. 18. 6111101 111,4.11
111111. 11. 1.,1. mu. 1.,1. 0101101 dentrice· 111. 1. 11. viii.
11. 11, 10. 24 12.0
6101111111 11, Mo 611101100110010010011111,12.0
610τί1111 111, 8. 10 61111111111101 11, 8. 12
6111101111, 1. 21. x, 2. 10 1111101111 11,0. 18. viii. 12. 11
6011101 1, 8. 10 611101111010 111, 2. 24
offldffl 17, 1616 (118611816Π111115
Gordianorum 1, Ι. 14 6111010 vii, 1. 10
Gordium 11110 pamm 111,1.11(01111) 6111101,1.11.1,11.10.1ι.1.10
111, 1. 12 , 611111010111,1.8
Gorgatan 111, 1.18 - (imaum 1111101111 mentem 1,1,11
Gorgian 111, Ι. 18 6111110110οο dignatum) 11, 8. 11
61110 11,8.1. 11, 18. 8. 11, 1. 12. 11, 61111101 10111 1111, 14. 18 vino 11, 11.
10. 21. 1111, 11. 11 · 28
Gndw iv, 61 111 ν,21181 V, w· w· 61110 111, 7· 11 11, 16· 16 mi grue 811
11. 11. 1. vii. 1.28111011111,0.18 tum 11, 0. 0 31111 11101111 tgna
611101111,11.10.10. 11, 1. 0 apparatuque 1010111111, 0. 14
611010 1, 1.1 omen 1111, 8. 0 (metuendum) 1, 0.
6111011001 iii. 180 12 3111111 010111 jactatione virtutis
6111011111, 1.20 11001ομ11(111001100001)11,8.1
Greci iii. 11. 18. 1, 0. 0. 0. 11, 2. 17. . gravem eloetionen [1111011111 fore
1111, 1. 0. 11111012. 11,1.1. 11, (01101101)ήί,80
7.10.1,1.18 · 611111 viimi. 11. inm. vii. 1.2.
Οηώ 11, 11 11186· 7,1ι 1· ,1,2· 61 ,11, 6161 ’11,61 161 ή11110· 16111·
11, 0. 11. 111,1.12. 111111. viii, 11011001) 11, 2. 11 gram 11101111,
1. 10 10. 10 111111 1, 2. 10
(imin 111, 10. 8. 11. 1. 10. 88. 11, 5. 6111010111, 11. 20
111 ν, 6161 w· 7, 118 Gmi Vi, 16· ¹²· Vffi, 616
6100111111.1.22. 1,1.1.1,8.18.11, 01111111,10.11(1ε111101)1ι,1.1
8. 20. 1, 10. 18 611110111,11.11. ι,1.28
Grecis iv, 1. 12. 11, 11. 21. 1, 0. 1. 6111101111,10. 21. 1, 11. 8. 11, 11.
1, 11 111 'ist-¹⁶· 11, 6- 11 11,1·6 6. 11, ⁹· ²¹· 1,.11
6100010111 11, 1. 8. 10. 21. 10. 111, 1. 6111101111,12.2
2. 111010 Gra-iorem 11011
(101011. 1. ιο. 1110. 1111111 Graviores„ 01
6110110110 viii. 1. ⁵ Gravioribus 1111, 11. 0
6110100111 111, 1. 0. iii, 10. 1. 11,11. 611νί0111 11, 0. 11
10.1111,1.20 , 611111 111810. 1111,1.8(1001111011
Granicus 10111 viihmwnmm) vin, 111101.
61111011 1, 110 vii. 1. 11 vigiliis meroque grui· 1111,
81818111618111 11116161 11161 16 “nn ’
611101, 1. 1 Gravitas 1111, 0. 11
61111011, 0. 8 61111101 11, 1. 20. 11, 1. 11. 18. 11, 1.
611111 11, 0. 11 20
611111,1.11 6111101 11, 0. 8. 11, 11. 11. v, 0, 11.

6111111111,8.110010111101111,0.8 111,2.1.1111,12.1011ι111110110311· ¹
(1111οζ 1171885. 111, 2. 10. 111, 11. 21. 1101 ene consultum 11, 10. 10

 

