11 0001111011.

1011111111 111218. 111,11.24. 111, 12.

¹ 1²· ¹⁴· ²⁸· 2⁵· 11, 111 31 111 161211
v, 010. 1, 5. 5. 1, 0. 10. 1, 0. 12.
v. 11. 5. 1112. 00. 11,(1. 10

Fortunam 11, 5.2. 0. 11,11. 15. 1, 5.
m· V, 81 ⁹· Vi, Β· 8. Vi, 1111 2· 111.
4. 10. 111, 11. 5. viii, 12. 10011101·
111111)11,1.10

Fortunatas 1, 5. 12

10111 viii, 1024

Fusae 1, 5. 1

101111, 0. 10

1011111,4. 10

10101111111 modico tepore 1, 4, 0

1111111111,0.17

1101151111 111, 020

1101110111,10.11. 111,0. 10

“ 111111 111,10.10. 111,11. 10

“ 1,Μοθὸ 0111, M

mgni. viii, 1011

fragilitatis 1101111110 11, 14. 20

1111111101 11, 0. 20

1113011111, 4.4

111301011,0.17

frangerent 11, 2. 14

Frater 1111 11181 111, 181 131 111,· 91
111, 20. 1111, 2. 0. 1111, 0. 05. 1111,
14. 2. 05. 1, 7. 2 ’

Fratre 11. 7. 18. 110. ll

Putrem 11, 2· 11. 11111 161 1111 11 131
111,7.1. viii, 0. 20. 1111, 14. 00

1111111 111, 2. 7. 14. 1, 5Ι 21

pm Vi, 61 191 111111 101 Vffi, fl· 2⁰·
1, 10. 17

1111111111 111, 11 10

11111111, 021

1111111111 111, 22. 5. 0. 1111, 0.4

1110111111 11, 10. 01

fraudassent 1, 5. 11

1110111101 1, 7.4

1110101,10.0.11,1.27. 1, 0. 20. x,
10. 11 locorum (1101111010)111000
locorum deceptis 111, 7. 04

Fundetur 1, 7. 2

111111111111111. 111, 10. 11
Fremitum 11, 124
remim 11, 1. e iv, 11. 10. 1.,11. 1.

12. 1111, 10. 0. 11011. 24. ix, 0. 2.
1, 010

Frondem 1, 2. 00

1111111011, 10. 0

Frequens 1, 4. 0. 11, 4. 22. 1, 7. 1. 20
10ῇο (1111111111) 1111. 11 pavonum
111111110ᾱὶ111 11, 1. 10

frequentes iv, 10. 4. 111, 1. 4. 1, 0. 0

1011111111. 2

frequentiam 11, 0. 0

Frequentibus viii, 2. 14

11111 1111, 0. 10

pletum 11,21 11 161 7,*161 V, 1181
ν1111101 71118119· 1ἷμ41 18· 11, 91

110101 1, 0. 10. 1112. 12. 111,11.0

’ (00111111)110101(10111111,7. 01

Frigente sauguine 11, 0. 10

Frigeeeene 1111, 10. 20

Frigida 11, 7. 22

Frigidiseimm 111, 4. 0

1118018 111, ³· 11 111, 515

11110111 1, 0. 10. 111, 0. 10. 111, 11. 0.
1111, 4.0. 11

1 rigua iii, 10. 7. 111, 0. 12. 1111, 10.7

Fronde 1, 4. 25. 11, 5. 15. 1111, 10. 15.
viii,11.8

Frondem viii, 10. 17

1100111511 1, 4.4

11011111, 10. 20

Fronte iii. 11. 0.11, 10. 10. 00. 11,
15. 22. 111, 7. 00. 111,0.0 (aciei)
111, 0.7

11001011 1, 7. 10 (101011, 10. 02. viii,

Fructu 1, 111

1101101111, 1020. viii, 5. 15. 11, 2.
11.11,0.10

1101111111,14.10. 11, 0. 2. 11, 10. 02.
vii, ⁴· ²60 'iij 81 1111 111,· we ’111

1111111111,0.5

1111180111 111, ⁴· n

Fruges 11, 0. 7. 111,-001011111011101
1110111111 viii, 10. 14

Frugibus 1111, 0. 12

Frugiferae 1,1.00

1111111,5.0.11,2.10.11,0.17

1111100111 11, 10. 12. 10. 111, 4. 22

Premente 111, 4. 20

meentum 1111, 12. 0. 1, 0. 11

1101111 111,0.20.11,0.11.11, 11.1.
1, me. 1, 4.4. 1, 0. 0. 111, 5. 24.
111,0.7. 1111, 11. 2. 11, 5. 20. 11.

'frustrabantur ictus sami lento vimine

11010

1101111τί111, 0. 11

11111111 1,5. 1. 111, 0. 05

Pudere iguem 1111, 10. 0

Fudit 17, 161 ²8· V, 115

1113111111. 10. 11, 1. 27.11, 14. 2.
17111111 11, 16. 111 161151 V, ¹³· 2·
10. 111, 2. 2. viii, 11.21. 22

Fuga 11, 15. 00. 11, 1007. 0. 1, 5.
04. 1,0.10. 1,12. 18. vii. 4.4

11111111 111, 11. 11. 111, 10. 5. ,11, 1. 2,

 

