'ieowmwm

1100111111, 0. 0

1101111101 11, 0. 17

1100010011 11111118

Honestiorem 111, o. 17

11011111111111111, 4. 04

Honestius 11, 11. 10

Honor iv, 1018. viii, 0. 0

3000111111 111,1.10

Honorem 111,1.11

Honore 111,7. 11. 111, 0. 10. viii. 1. 88.
viii, 0. 40. viii, 8. 1018. 1111, 14. 44

Honoffim 000, 001031 00, 001981 ἲ, 01 π

Honores viii, 0. 0. 10. 1, 0. 0. 11. 00

Honori 111, 0. 41

Honor 1111,10. 01. r, 10. 00

Ηο11111,8. 14

Horm ir, 011. 11, 0.0

1101111111, 118. 1111111

1101110111, 7. 17

1101110111111,8.4

1101101110 1111, 10. 10

Horret 1111111 cogit-stone rei 11, 0.11

0101110111, 0. 00

Horribilee v, 0. 10

1101111111 ingeniis iv, 0. 0

Horridum genus (sapientum) 1111,0. 01

Horrore iii, 0. 0. 1111, 10. 7

Ηο111011υ1 111, 7. 11

1101111ῑί011 11, 10. 11

Ηο11111111111,8.0

0101001170, 7161 Ῠο00, H· m· 0000, 01 ⁹1
11, 0. 0. 11, 0. 07. 11, 0.4

1101110111ὶί, 8. 0011111101αά opem 111·
mfflmhffl

1101111,1. 01

Hortum 11, 1. 10. 11

Hospes 11, 0.1

Hospimies v, 1. 10

1101011011101111, 0. 18. 1111, 11. 10

Hospitem v, 0. 1

Hospite? 11, 1. 17

1101ρὶ11 11, 0. 10

1101ρί11011 1, 1. 07

0000100000 00, ⁵· H

11011111, 1010. 11, 14. 8. 11, 4. 10

Hoetem iii, 8. 17. 11, 11. 4. 10. 11, 11.
17. 14. 11, 10.1.11. 11, 10. 0. 10.
11. 111, 11.11. 1111, 1. 1. 11, 1.11

Hooter 11, 10. 4. 11. 10. 10. 11,10.18.
11, 0. 8. 11, 2. 00. 11, ud

000000 07, 001 001 00, 081 061 Vi, ὅ. ’0

1101110υεὶ11, 11. 7. 11, 14.,11. 11, 0. 0.
mzffimmffi

Hostilium iii, 0. 11

1111111111, 10. 04. 11,11. 1. 11,11.1.
11, 10. 0. 1’1.0.17. 11, 0. 11. 11110.
17. 111111

Hostium 000, 80 01 000, 81 28. 000, 001 0.
00, 020 091 „a 00, 001 M· 07, 051 „a

11111

11, 0. 10. 00. 11, 0.10

numm 07, 030 n· 00, ⁴· 1⁸

num 00, 041 we 0000, fl· 1⁸

Humerum 111, 7. 8. 11, 1. 0. 18

1111111111 1, 4. 0

Humi iii, 10. 0. 1, 8. 10.10. 111, 0.
01. 1111, 14. l

Humi! 0000, 'a 01 00, ⁸· ¹⁸· ¹) 01001

11111111111111 11, 0. 10

Humano 111, 7. 4. 111, 8. 14

Hominum viii, 010. 11, 1. 10 nuper

homonum fatigium elom 111110 11,

Humum 111, 1. 01

Homeri iii, 11. 14. viii, 1. 11

Homeri 111, 4.0

Η1111111 111, 10. 0

Humero'viii.'1.1⁶. 11, 0. 11

Humeroe 1,0.10

11110111, 1011. 11, 10. 17. 1111, 1. 0.
1111,4. 0. 1111, 0. 0. 11. 1, 0.Ιο 1

1111110111, 11. 10

Humido VHi, 01 00

Humilem vii, 4. 0

1101111111. 11. 1

110111Ιί1 1111, 8. 17

111111110101 111, 0. 11. 1, 1. 41

Humillimis iii, 10.7 ·

Humo 11, 0. 10. viii, 10. 14 neptunio
oecultum opor 11, 0. 0

Humor 1,1.11. 111, 10. 14 modim vii,

Humor-e (eque) 11, 4.18. 111, 10. 0
1111011111 (ndicee) 1, 4. 8 1111110
(111111)111, 0. 8<011111) 1111, 10. 10

Humorem 111,0.0 ·-

1111110111 11, 10. 14. 1, 1. 00

Humum 111, 0. 7. viii, 0. 11

11111111 111, 1. 10. 111, 10. 7. 111010.
111, 014

1111101111 11, 1. 10

· · 11101. viu, 11

Hydaspen 11, 0. 4. 11111110. 1111, 10.
0. 0. 11. 1. 10

Hydmpeo ir, 4. 1

1111111ρί11, 4. 0

1111111111, 0. 10

Hyffl 000, 81 8

Hypasin ix, 1. 00

Hypsidem 111, 8. 00

Hypeidee 111, 8. 00

Hyrcani iii, 1. 0. 111, 0. 0

Hyrcania 111. 0. 11, 4.10. 11, 0.1.
Effluit& 1. 11. vi, 1. 1. 11. ¹viil.
11,,1111110010, r. 11. 111111 -

 

