11 1100111011. 111

11111111 iii, 1.11. 111, 0. 20. 111,11.14. Finitima· 111, 0. 00
11,1.02.11,10.20. 111, 2. 10. 1111, Finito 111,1. 0. 11,0.11. 11110. 21.
‘³‘ 4.· ht ¹⁴· ᾖ· ¹72³ 11111 111 11. 01η

F1duc1ae 011111. ix, 111. ix, 1. 11 1011001111

Fiduciam iii, 12. 20. 11, 10. 1. 1111, 111111111111,10. 11
10. 101100101111,2.10 1011111111. 18

1101111111 imperium 1, M 1111111111 ix, 10. 18

11111111 1, 0.1 Firmato 11, 0. 22. 1, 0. 20 1111111111

fndus iii, 0. 1.11,1.20. 1,0.10. 11, uffiniutemix, 0. 22
11.1 11111111 iii, 11.0

1110111111. 111111 Firmatoeciboac potione vii. ⁶· 1⁴

111111 11, 11. 24. 11,10.0. 1111, 8. 0. 1111111110,1.1. 11,10.00
11101000. 1,2. 10 Firmium 1, M

figere viii, 0. 20 firmatim 111, 0. 21

figuraret vii, 1. 00 1011111100. 11

1111111, 11. 11. 1111111 firmum, ι. 11. 110015

Filia iii, 10. 10. 11, 11. 0 Fit 1111, 2. 04

Filiam 11,0. 1. 11,11.20. 1,0.12.1, 11111000
0.11. 12 , Fixit vii, 0. 10

1111111111 11, 10. 10 uncum 11, 11. 11

filiu 11, 11. 0. 11, 14. 221 1111, 0. 00 1111ςί1111, 1. 00

mima. 11111. viii, 111. rifi, Flagitiiv, ι. 11
1111 1110111100, 1111

filiis 11, 0. 21. 111, 010. 11. 11, 1. 20 flagrabat 11, 0. 10

Fffio 111, ¹³· ¹³· Vi. 2· 11 'ii' ¹· ⁸6· thnbsst Vffi‚⁸·l
1011111111 11131111 111, 1.0

· Filiorum 1, 0. 01.01 1113111011 hujus 11111111 iim-1²

1111111 11, 0. 11 flamm 11, 0. 01

Fufium 01,11.11.1ν,1.11.11.11,11. 111101001111111111
0. 1, 2. 0. 11,11.0.111,1.21.1,0. rimu 11,10.12. 11, 1211. vist-

11.21.1,10.11 10

min! ffi, 9171 11, 8111 V, ¹⁸· 111Ὗ1, Flltu 11, ¹· 1⁸

01011, 1.18. 11, 1014. 111,11. 11111111, m
0. 1,0. 10 11111111, 0. 21.22

findens ripn (Gangen) viii, 0. 0 1111011111. 11

Pindi ix, 1. 14 Flam 11, 10. 02

Fine 11, 2. 20. 11, 01 11111111 1011111111, 0.0

Finem 11,11.10.11,0.11. 111, 2. 01. 111011.111,1.1.10,1.1
viii, 1. 02. imm. 1,0οθ 1111111,10.20.1,10.11.111,1.0

Fine· 1,1.0. 10. 1, 210. 1, 011. 1111111111, 10. 00

11, 0. 2. 111, 0. 00. 1111, 10. 1. 11, 1. 11111111, 10. u
1. 11, 0. 10. 11, 0. 10 111111 (plur.) 11, 1. 10

1·“ 1181111111 11, 2. 10 1111111111 1101. 10

1111111111, 12. 11 11111111,0.0.11,1.10

Finibus iv, 0. 11. 11, 0. 20. 11. 0. 10. Flore 1111111 11,0.1. 1,0. 10 punitiva

112161 ¹, ¹⁰¹⁴ 11, 61231 111, 24· 111191 191 [15110

Finiendn 1, 0. 11 Florem perpetua 1111111111 11, M

1111111111, 11. 10 11111111]11111111111,0.0

11111111, 10. 20 morantate (111111)1, 11.0

Finis 1,0.10.11,11.21.111,1.0.10. 1101101111,1. 0.1,1. 20. 1,1.1.11,

11, 0. 22 cum 0111 lacrymis querelis· 10. 24
que non 1111111111, 2. 10 Flumine x, 0. 20

1111111111. 11 11110011101. 10. 11,0.0.11,0.10.

Finit vii, 1. 20 11, 0. 22. u

1111111111,1.1 11010111111111111, 12. 21

finitima 1, 0. 0. 11, 0. u. 111,1.0 Fluctus 11, 2. 1. 11, 011. 11,0.10.

Pinffimmm 11, 101 17 'iii’ 1⁸· n· 11111191 101 ¹⁸· il, ¹⁰·

Finitimi· 111, 2. 10. 11, 0. 0. 11, 0. 20. 10
111, 0. 0. 111, 1. 0. 11, 10. 0 fluentem 111111 11 fle 1111111 11,1.0

 

