11111 1111 11111111 111

111111111111011111111 11111111 leem] 111111111ιῆ 11111·

111111111111111. 011111111111111111 eine.
11111 111111111111111111, 1111111 11111 Nee 11 11111111 111111] 111111111111·
11111111111111111111111111 11111 1111 ren eulmen, 111 1111, 1111111111
111111111. 1111111111 1111 1111111 quie 11 menube. 11 ammae
1111111, 1111 11111111111111111· 1111,1111111,111111,11 111 111111
1111111111 111]11111111,1111 qnoque 111111111111111111111111111111111
1111111111111111, 1111111 mex 1111. 11111111, 111111111111 quorumdem
1111111111111111101111111111111 111111111111 111111 1111111111111 po·
11111 11111111,111111111111111111 111111111111111 median 11111111
1111111111,11111111111,111111111. 11111111 urgere? 1111111111111111
sed 1111 1111111 11111 violentum eet. nobie Amphitmoeie Plenum 11111·
011111111111111,11111111111111111, 11111 1111111111, 11 1111 1111111 eet
1111111111. 111 11111111 11111111 eor· 1111111111,1111111111111 1111, nene
1111111111,1111 1111111111111. 1111 111111. Verum 11111111111111111111
1111111111111 11111101111111111 1111111111, 1111111111 1111111111
11111111 11111111, 11111111111111 comnenae. 1111111. 3111111111-
1111111111111111111, 111111111111111 11 1111111 11111111111111111111111
11111111111111111111111111111111· 111 ridet 1111111, 111 11111111111111
111,111111111111 1111111111111111 1111111111111111111111111 111111
1111 Ρ111. 11111111111111111, 11111111111111111111111,111111,11·
1111 1111 11111111 1111111 incurreret: 11111 111111111111111 11 11111111 111-
1111111111 1111111111 111111 Pomm 11111111111111111111111111111111
1111111111. v. 1. 11. 1111111111, 11· 1111111111 111111 11111 11111111, 111
11111 111111, 111111 111111 111111111- 1111111111,111111111111111111111·
111 111111,111111111111111111111 1111111ς1111111111111 11111111·
1111. 11. preponeret. Pe1yenee 1111,1111111111111111111111.0111
111111111111111111111111111 11111 1111111111 111 11111111 111·
111111111 nbi 1111111111 11111111. 1111111111111111111111111111111.
11111111111111111111. 11111111. 11111111111111111111. 11 1111
Anum] 11111, Antigene 111 111111 1111111 1111111111 et 11111111
111 1111111 111111111111 111111 11 11111111111111,111111111111 1111
Ver. 1111. v. 1. 1. Sed Antigonae 11 11111110111111111111111 11111
1111111111 1111111111 1111111 1111111 11111111 11111111 111111111111111
relictae fueret, de qne 11111 ev. 1. 11111111,1111111111111111111111,111·
1111111111111111111111111111111111 11111111111111111111111111111111·
11111111 1111Ιί11111. 1111111111· 1111011111,111111,Ρ1111111,Ρσο
1111 1111 11111111 1111111111 111, 1111111111 umen-minu·
1111111111. 111. 1. 1111 1111111111 111111111111111111111111111.1111
111111111111 111111111 111 1111111 le 11111111 m. et 111111111111 e'e·
111111111111111 1111111111111111 ser. Ubique 111111, 1111 mm
111111 1111111. sed etex 11111111 m, qne 111111 1111111111. 11111-
11111. 11. 1111111, 1111 11111 1111111 bet 1111111111 111111111111111111-
1111111111111111111111111111111. 1111, 1111 leven 11111111 1111111111·
,1111111111 eutem Argyrupidum 1111· 1111 (11111 1111111111 lmen 1111,

1111111111 dux 1111, 11 11 11111111 1111111111111111111111,111111111-
11111.111111111111111111111.111111 11111, 11111111. 1111111111· ele·
11111111111111111111111111111111 eer- 1111 1111111 11111111, Mem 11 de·-
11111111111111111111. 1111111- 1111111111111111111111,1111111111
11111 1.11.1.1111·8111111.’11111. 111111111, 11111111111111 11 elte-

 

