lviii

1,7.11. 1111,1.11.10. 11, 4. 1. 11,
111111111,1.10.01.11,0.0
1111111,10.01. 11,0. 11
Peru 1111, 0. 11
11111110. 11,11.00. 1,1.10. vi,

4. 4. 111,1.01. 11.1. 11. 111,0. 10
11111111111110111111,0.0
1111111111 1, 11. 1. x. 1. 10
knut 111, ¹²· 01 infin 111 1,· 11, ⁰·

00.111,1.11
1111111111 11, 11. 00 nihil lutevam 1,

0.1 1111111 111111111 111, 0. 0 1111111·

01111 111111 «11.1. 0
1111101 1, 10. 0
11111011111, 10. 10
1111101111,11. 1
fem· 111, 0 0. 11, 1. 00. 11, 7. 10. 11.

11. 01. 1111, M
111111 1, 0. 00
11111111 111, 4. 00. 1111,11.0
Ρθηῃὼ 1,οι 111 'ihu-10. 10, 8¹²⁰
111111110. 10
Feret 11, 0. 00
111111111111111, 11. 14
1101111111, 0. 41
F 01110 Vffi, fl· 1
1111111, 0. 8. 111011
Ferit 111, 0. 01
Pedum 111, ⁸· 151 V. ⁶· m
11111111,1.01. 1,10. 10. 1111, 1. 17.

11, 0. 00
1111111 111, 0. 1
1111111111, 0. 10
ῈΟΪΝῙΙΠΙ ’11,111 u· 10, 1· 18
111111111111 1, 0. 00
Femiflimi. 111, ⁹0 181 10,41 w
Fflfoeim 111, n· 11 11, 151 191 11,
Ferocius vii, 11. 00. 1, 0. 10
Ferox 111, 4. 0.Ῑο stolida 1101111 11,
pem 11,,11- Vnst-U· ’,81101 111,

1. 11. 111. 0. 11. 17. 111, 0. 1. 1111,

1.41. 1111. 4. 0). 1111. 1. 14
111111 11, 0. 10. 11, 0. 00
11111111, 1.01
11111111, M
1111111111, 1. 11
1111111111, 10. 10. 1111111
Ferret 1, 0. 10
feni 11, 181 u· 1111, ⁰⁸²⁸· 1, 11 n· 0,

11111111, 0. 00. 1, 1.0.1,0.1.11,
10.01.1111,1.00.11,1.01. 11, 1. 17

Pomm 11,11181 10.,1111 'ihs-1⁵·
1, 10. 10. 11117. 7 ensem ῐίἰί, Η

1111111111 (qun) vi, 1. 11

1110οΧ

11111111,1.00

1111111111 11.0. 10

11111111 1, 0. 11. 1, 4.0. 11, 10, 10

1110111111,1.11 ’

Fucinum 1, 1.Ιο

111111 11, 11. 10 ..

Fertur 111, 10.0. 1, 1.10. 111,10.0.
viii, 1. 0. 11, 1. 00

1111111111, 0.00

1111101 11, 1. 01. 11. 7. 00

fervidi« 1, 10. 10

fervidissimum 111, 1. 1

111110111,1.0. 10

1111111111,1. 01. 1111001

1111111 vii, 1. 1. 1111, 0. 10

10001Μο000001,οο15

1111111101 11, 1. 10. 11, 10. 11

11111111011111, 10. 11

1111111111 111, 7.1. 11, 0. 00. 1, 5. 00

1111111111111, 10.οΙ

1111111111 11, 0. 11

1111111111,10.10.11,0.10

ratium 11,11.00

11111111 11. 0. 01

1111111111ἰὶ1, 0. 0. 111, 0. 01. 11.0. 10

festinationum. 11. 1, 0. 01

11111111111111111, 10. 0. 1111, 0. 01

1111111 11, 0. 11

11111011 1111, 1.0

111111 11, 1. 00

1111111111,1.0

rictu 11, 0.0

rid· 1111, 1. 7

11111111. 111, 11. 11. 11, 0. 1. 11.
11. 10. 1,0.1. 1,1. 10. 11, 1.00.
11, 7. 01. 11,111. 11110. 0. x,

1110111110. 0. iii. 11.0. 11, 0. 1. 11,
10.10. 11,11.0. 1,10.0.1. 11, 0.
111111. 11, 7. 0. 1111. 14.
1111, ² ⁸¹· 1111, ⁴0 ,l

ridde 11, 4. 8· 11110118

1101111111. 0. 11. 111, 1. 11

fidenter 1, 1. 10

Fidem 111, 7. 14. iii, 01. 11, 1.0.11,
1.00. 11,11.00. 1, 11.0. 11,110.
11.11,0.7.111,1.7.111,10.0. 1111,
010.071ῳ111111111111 11, 0. 17

110110111Μῆ ⁸⁰ ὀ

ride· 111, 10. 1. 11.1. 00. 11, 11.10. 1,
11.1. v, 11. 1. 11, 11.1. 11, 1111.
11, 11. 00. 111, 1. 01. 11111. 10. 1111,

Fidibu! 1, l· ῃ

Fidi-imi 11,11. 11

fidissimo iii. 0.4

ruffinum 11, 511

 

