111 11. 11111111. cliii

1111111νί, 10. 87 8 88111111, 0. 8
11111111, 18. 80 Tantundem v, 1. 88. 1111, 8. 11

11111111, 11. 11 181111, 1111. 11, 1. 11. 111, 111. 1. “

1111111111, 0. 80 1,10.10
11181111, 18. 88. 1, 9. 7 11111111018. 17
Tale v, 1. 87. viii, 8. 18 Tapurorum 11, 1. 81. 88
11111111, 8. 81. 111881. 1, 8. 0. 1, 1110111018
10. 10 71111111, 8. 18. 111, 10. 11
’[81οΠῐᾶ 111, 51161 11, 7· οο 78120. ΤΠ1111188111,10188
vii, 111. .1. 1111. viii, 11. 11. Tardum viii. 14· 18
11,8.1.1,8.81 1111111111, 1.11
11111101 111, 0.1. 111, 7. 8. 11, 1. 18. 11, Tauron v, 8. 10
11. 18. 1,1.18. 1111, 1817. 1, 1.11 Tauroni 1, 8.0
‘salentorum 111,18.10. 1, 0. 10. 1, 8. 1111111 11, 1. 7. 1111, 18. 11
10. 81 Taurus (1111111) 111, 8. 80
111111111111. 1,1.10. 1, 8. 11. 1111111111, 8. 88 '
1, l. 81 1111111111, 18. 11
1111111, 11. 1 1111111 1111, 11. 11
Tali 1,11. 111111. viii, 1. 11. x, 1111111111,11.1
0. 8 ’1111111111111111 ι,1.80
Τ811881,8.18· '1522st Vffi, ⁵06· 12 'rech 1,11281 ν11, 61161 1111, 181 131
888 11111118
Talibus 11, 10.17. 11, 10. 88. 1, 8. 7. Tectae v, 1. 88
11, 1. 88. 1,8.8 11111111,0.10.11,10.10.1,0.18
1111111111 11101111. 18. 11, 10. 18. 1, 1. 8.
11110111, 6. 80 87.111,8.1.1111,18.88.11,1.0
111111,8.10.11,1.10.11,0.17 1118111111118
111111110181,..88 1,1..81 1, 111111111νί118. 18
8.1 1181111111, 7. 1. 11, 11. 88
11111111,1. 18 1113111187 e
1111111111, 8. 0. 111, 1. 0 1131011111, 18. Ἀ. 11, 8. 81. 1111, 10.
'samin 81, 2· ¹8· 718, ⁴· ⁸²· 111, ⁶· ³6· κ
711, 6· η· 2⁶· 718,8·ῃ1ω Tegebflt 11, 916
Τ11111111,8.11.11,..018 111μ.018 1131111111ἰί, 8. 87. 11,8.18. 11,18.
111, 7. 8. 111, 8. 80 ’ 80
1111011111, 0..81 1, 1. 80. 1, 8. 8811, 111111011νί0, 18. 17
11..1 11,1..080.111,11.18.1111,111111111018
88.11,.087..11,018 Tegitiiifflzlaviiffiu
Τ1111111,.18Λ,7.1.11,88.111,8. 1111111,..11111,..888111018
711110011001818111 18...108111,..088111,1.88.80.
8.8 11071118801111111111,
’11111111111111111111. 1.18.11,8.10 ·
11,10.88.11,.1118.,..188111,0.111111881111,..18801,.87.17
10.11,7.1111,0..10111,..1111111111Ν111110881118881,
1111, 1. 88 1..88 11,817.111,7.80.1111,10.
11111111111,8.10.111,0.8.11,8.8.11,10.1111,18.0.18
088. 11, 18. 8. 11, 1. 88 111111,081.11,10.88.11110711,
11111111,8.18.1,10.1 7. 88
11111111,1.1.18. 11,0.8. 11,8.10.1, 1011111111, 11. 18. 1, 0. 18.vin Ι,10. 88.
1. 81. 11, 8. 81. vi, 0. 8. 87. x,⁶· 18 ix, 0. 80
Tantis iii, 8. 10. 1111, 811. 1,1.88. 1, 1111111111”“ 111, 1. 17
8. 87. 1, 8. 80. 1, 0. 11 111111111111111,8.7
Tanto iii, 0. 8. 11,10.18.88. 1, 8. 111111111111111, 8.10
8. 80. 1, 8. 0. 11,7.11. 80. 11, 01. 111111111111 11,11.18. 111, 8. 87. 11,
111,10.0 8. 81
11110110 impendio iii, 11. 87 1811181111,0. 88. 11,18.11. 11, 1810.
Tfflmm 17, mum· 1, nau· '198000 118121· ,,11· w· Vi, 21⁷· 111, 91
11118. 0. 1111, 0. 80. 11088 1.1.1111,1.11.ι,1.11.1,1.11
(nolum) 11, 18. 88. 1, 8. 11. 111, 1111111111,1.11.11,11.11.111111.

01118. et 1111. cus. 111. Q· 0111. U

 

