111 Q. 11111111.

ceciderunt (perierunt) 111, 0 17

wil„ 11, 11η. ib 10. 2⁰

0111011 1111111) 11, 10. 11

Cecffl 1001111) V, 01001 Vi, ne„

mem b, 10.·41 01

0111110111, 10. 11

010111 vangio 11111111, 7. 7

01111111 titulo 111111 urbis 11, 0. 11

οὓὼῧῶωίῆ 101 w· Vffi, 111 18

0101111111,7.18

cederet 011011 Imperii 11, 1.0

0101111111(11111111111111)111,4.7

0111111111, 11.Ιο

0111111100

cedunt 1111111111μοηο (id 111, 11
ι11111).ιι1.11. 111100
11111111. 1

0111111111 ιι 00

0111111111, 10. 11

0111111117 7,10 1111, 10. 11

011111111ιὶἰῶ 11

0111111 111, 4, 0. 1111, 0. 0

011111101111,1.4

011101111111111 0.11

&labantium 111. 10

0111οω11111 hispanum 1111111111, 0.

011101111111,10.0.1111,1.11

0111011111 convivium 1111111 1111111111
viii‚4. 11

01110111111,1.1

celebnflm ix, 71 ²⁸

011101111111,1.1

0111111111 1111, 1. 1

01111111111111111 111111 01111111, 0,

celebravit 111, 7. 1

0111111111, 1,1

0111111111,1.10

01111111, 0. 10

0111011011,7.1. 11111. 10. 11,.11.
11,8.10.1,8.1.’111,4.1.1111,14.

0111111111111,01.1,0.1.111,1.10

0111110011, 11.4

0111111111,11..11.1.,1.1.1.,..11
1...0111,..7011,0.10.1111.10.
11.1.11.11,0.10.1,0.7

011111,1. 11

censebam· 1111, 14. 41

0111111111, 0. 11

01111111111μ70. 11,11..4 1111,.,17
1,1.1.1,0.11

0111111111, 11. 11

eanum. 0. 11

01111111101,14411111,0.

xxi

0111111111,11.17. 0111111111.
..1.10. ι,..101,0.11.1,0.“0.
''stomun'‘tao ,11111111Ῑῆ110.

0111111117. 7
0111001111,11.ΙΙ

011111111νί, 1. 11

1110111111111110111111111111.11.Ἇ
1111111111,1. 10 1111111011 1111101
11011

0111111111.Ιο

0111111110. 11

0111101111,11.17

011111111101,1.14

01111100111, 1.7

0111111111 1111, 11. 10

cernentium 10, 'u ¹⁰

011111111, 0. 10

01111111111110.1,0.0.1,11.11

01111111,101

01111111, 1.11

0111101111, 0. 11

0111111,10.18

0111111111,11.11.11,1.1

0111111111111011.11,Ι.40.11,1.11.
11011

0111111111 11, 11. 14. 11, 11. 11. 111, 4.

00118110ὓί1, ²⁰⁴

011111111111, 10. 11. 1111, 14. 11

Cannium, 107

01111100111,1.1

0111111111 1, 0. 10

0111111111111,10.0

(lemtim 11, 14. 10

0111111,10.17.1,0.10.1,1.17

Certior 1111,1.11

01111111 1, 11. 1. vi, 1010. 11, 0. 0

1111111110

0110111111, 0. 00

0110111111,10. 17

0110111111ἰμοοᾗυο11,1.1711111
11μ111111001110111 1,.011

0111ἑ11111μ..71411,11.0.111,7.14.
11 11. 11

0111111111111110

0111111101,11.10. 11,0.10.111, 0.
10 111110111111111, 0. 10

01111111 11,0.10

0111111011 1111111,11 1111111111, 7.

011110111011

0111111111, 11. 10

011111111111111111111, 0.Ιο

01ἒ11111111111υ11111111111 1111111111

01111111((111111111)111,11.0.11,01

 

