m 8181111811. clxi

unffi& 1111. 1.,1111 vm. 1111111ιηί1115
18. 11.18. 11. x. 8. 88 Velim 11, 18. 88
1111881111. 181.11, 1⁶· m· 191 'ii' 71 veli! 11.111 181 111, n· 111 1111ῃῦ
18. 18. ix, 10. 25
vecordes x, 8. 18 111111, 11.8. 11, 188
vecordibus 11, 18. 18 11118111, 181. 1,8.8
11101111,11.18 Velle iv, 8. 8. 11,8.1. 1, 8. 8. 11, 11.
1811111111 11. vii, 11. 111111. 11111.

11181111, 88 11, 8. 8. 1, 8. 88. 1,1. 18
vectigalibus 11, 8. 8 1111111 1, 8.1. 111, 1. 88
vectum iii, 1. 18. viii. 8. 88 temore 11 vellendum 11,8.18
1111111111, 8. 88 Vellent 11, 1. 18. 1,1. 18
vectus 111, 8. 8. 1,18.18. 111118. 88 111111(111]’1111.)11,8.8. 111,8. 18

1111111111, 1.8 11111111, 1818. 11, 18. 8. 1, 8. 7. 11,
vehebant ὓ, ⁸· nono ffi,.¹lv u· V, ⁴0 11 Vi.5.18

1888111118 11101111 111, 8. 18. 111888
1111111111 111, 8. 88. 88. 11, 18. 8. va Velociuimun vii, 8. 18 ,

1318 1010011818 11,4111 11, ⁸· 5· 111, 2· 151
vehebat 111, 8. 88. 11, 8. 11. 111, 1. 111, 8. 88

ἐξ. viim. 18. 1111, 18. 1. 11,18. 1113118111 1,1.1.·11“1,1.1. 1111, 18.
1111118111,8.18. 11, 818. 11,18. velocitati ufir‘l· ⁸³

11. viii, 1111 111111 111111τί11810
11111111 11, 8. 88. 111118 1111111111. 111, 8. 11. 11, 1. 81.
Vehementer 111, 11.18. 11, 1. 1. 11, 1,8.18. 1, 818. 1,18.·8. 1111, 8.

8. 8. 11. 18. 8. 1811111 8. viii, 18. 11
vehementior iv, 8. 8 1111111111, 8. 8. 11, 8. 88
vehementissimus 11,1.88 Venabulum viii, 1. 18
1111111181111, 18. 88. 11, 1.1. 11, 8. venale iv, 11. 18

8111811. 111888. viii, 18. 1. venalem iii. 88

11, 8. 8. x, 8. 88 venandum 11, 1.81.88 1
11111811, (1.8 Venantum 1, 1. 88. viii, (1.8
19118ῧωῦ '72⁹ vfflfflfium 11, ⁵117· ἡ 11 n
1111111111, 8. 88. ix, 81. lx, 18. 18 1888181111 11111· 18. 18 -
veheret 11, 8.8 ’ 11111111, 818
vehi 11, οι ⁶· 1111 716 10111110Πο 1111, 81 ⁸
11111111 111, 8. 18.. 111, 1811. 11, 8. 11111111111,8.88

18. 11, 11. 8. 11, 1. 18. 11.18. 88 11111011,11. 18
1111ω11111,1.18.18.11,1ο.11 1111811111, 11.18
vomendum& 11 uo '2 1¹⁸ ”0 '2 ”⁰ venen ix! 81 2⁰· ¹2* w· ιο

18. viii, 18. 88 11111111,8. 88. 1. 18. 18
11111111, 1818. 18111 Venenum 111, 8. 8. 11, 18. 88
1111111,18.88 veneraberis 1111, 888
vehunt 111, 1. 88. viii, 1. 11. 1111. 8. 1111111181,6.11

18. 88 Venerabilis iii, 11. 88. 11, M
111118111111,18.18 venerabundos viii, 8.8 humljoem 11,
1111, 8. 18. 1,8.18. 1,8.18. 11, M

8. 18. ix, 8. 81. ,11, 1. 11 Venerunt 11, 8. 18. 11, 8. 88. 11118.
11111111 11111. 81. 1,1. 18 88.11,8.8
velabat 11,1.88 11111181111111, 8.88
1111111111, 1, 1. 88 Venami v, 8. 88. 1, Ι18. 18. 11.181
volmfi· mpplidmvap ⁶0„ 2⁶· 1111, 71 131 ¹, Β· ”a &asu
1111111181 111, 8. 88 Venerat 1, 8. 88. 111, 8. 18
1111111111, 8. 81 1111188111, 18. 11
vehatur 11, 8. 81 veneratio 1, 18. 8. 11, 8. 88. 111, M
111111 111, 8. 18 111111111111, 811
vomo 111111. ..111, vi, 11 vi, venerationem 816. 11. dim«. 11

a. η Venere 1. 8. 88. 11, 8. 88. 1111, 11. 8

111111. et 1118111. 118. 110111. X

 

