77111

9777771117, 7. 19. 7111, 14. 17
977777977717, 19. 11. 7, 1. 9. 7, 19.
19. 7171, 11. 9. 17,9. 17
9777777771, 99
9777777777717,9.11. 711,1.17.179

977711111917.17,9.11.17,19.9.11.
7,.1.9 7,9.9. 7,11.919. 719.
19.711,4.19.711,9.19.7111,19.1.
’ 7111,11.11

9777177711, 1119. 17, 9. 9
9777717777,..199 7,19.19.,..711119
7111, 9. 19. 7, 7.14
9777717717,7.11.17,11117,.197.
7111, 914. 17,9. 19
9777111,1..1917,..11117711,9.1
9777777111,9.19

97777117 7777771177 777777 otim viil,
9777179799

97717911

9771717,7. 19

97717 111117. 111,11.19. 711911
17777777777771717777171777171717,9.9
9771177111,9.19

9771717, 1.19

9771777 77777771 777 (17) 7, 7. 19
Semo 71,9.9. 711919. 7111119.
viii, 119

97777777 17,1.99. 7,11.7. 71,7.19.
19. 71, 9. 99. 71, 11. 11. 19. 711, 9.
19. 7111,9.11.17,9.19. 7,9.9
9777777777 7111, 1. 7. 7111117. 7111, 9.
Sermoni 71,7.11. 71, 9. 11. 7111911
97777717777111,9.11

sommi. 9137867 Vi, wrm· ’11,17217
17,1.9

8010111798· V, ne ¹¹· 19, 27219
Serpentes 71,1.19.17.1.1.17,1.9
Serpentium 17, 1. 11

97777 71, 1911. 17,9. 14
9777771777711,11.11

9777777119. 7111, 9. 99
&mmmm
97777777791777111,1.19
977777117,19.11. 7, 9. 9. 17,9.19
Semnum. 9. 11

97777177,1.11

97777977111,9.1

Semta iii, 9. 9. 17, 9. 41777777 77177177
7171771771,9.ιι
977777779111
977771777777111,1.9

smmi, 7. 77
smmi‚o11.·,.on. .7,..777
711, 9. 1797771717 17777717, 19. 19
9777777717777177117771.19
977777171777777717771117, 19. 99

mnssx

8977118911. ¹12⁸ Μ

9777177777 7, 9. 11

9777111977 71 9..9 7111, 91

9777777 77 11. 19. 711, 9. 19

977717 7711, 9. 9

977717(717777 71177)7111, 1. 99 777 aas!
7111, 9. 9

97771717 77, 1. 9

9777117779. 19

Servitute 7111, 7. 14

9777177117 7,9. 11

97771777Ι 771, 19. 19

9777771919. 711,.19. 7111,.99. 7,

9777777777 77,11.19. 7,11.19. 71, 11.
1. 7111, 9. 9

977777111719. 7111, 911

Senam vii, 1. 19

977777977111,9.19

Sevocat 7, 7. 19

97797777, 119

977 7, 1. 19. v, 9. 19. 7, 19. 9. 71, 1.
19. 711, 19. 19

Sexaginta 111, 1. 9. 11191914. 17,· 9.
1⁴· V, ¹· w· 71, ¹· ¹⁶0 ¹1²· Μ

97777717, 1.19

97777777 7, 9. 1. 7, 4.9

97777711 111, 914. 711,9. 1. 7, 7. 19

9777779771, 4.1

9777777777, 1.11

sexdecim 7, 99

977717 7111, 191

Sexto 711, 9.18

Sextus x, (1.9

senff Vi, ⁶· 28· ³⁰

9117, 19. 99. 7, 1. 19. 7, 919. 7, 7.
9. 7, 9. 19. 7, 119. 71, 119

8117117, 9. 19. 17,7.19. 17, 19. 19. 7,
27187 V, 97 147 '9 ⁴⁸²⁶· '16³4‘ ἦ
7.19. 7, 9. 1. 71, 1. 19

Sibyrtio ix, 1⁰· 19

917711, 9. 19. 17, 9.]

9177717, 7. 19. 17, 1911. 17, 191

siccato 7111, 19. 19

Siccium vii, 9. 9

8190198981917777 ἡμίση

9177177777 771, 1. 19

Sicco 7771777817(17)17, 9. 91

91777717, 9. 19

9171717771, 9. 9

Sim-lt· fiss- 21· Vi, ⁵» ⁹· Vffi1218· 9919,

Sicuti 7, 9. 91

Sidera 17, 97 ³. iv, ¹⁰· ³0 ,117 ⁴· m

Sideris 17, 19. 1

&dorum iv, ¹⁰· ⁴· ,ς 17 ²²⁸ ,19747 η
7111, 9. 99

Sidus 7, 9. 11. 7111, m. 17,9. 9. x, 99

91177717, 1. 19. 17,1.19

 

