uu ρ. 1111111111.

1111111111 11, 8. 20
1111118101,12.4.11,0.1
Reputo 11, 2. 8
nuperum iii, 12. 6. 11, 8. 0. 11, 10. 12
Βθμῐωω 1, ⁵⁸ ῃ

Repertus 11, 2. 0

11111111811111, 6. 0. 11, 2.16
11111111ηά111 111, 10. 16
Repetens ix, 2. 20

1111101111 eum 11111 stirpi x, 0. 0
1111111111111, 8. 2
1111101111111, 1. 20

1111111111 11, 4. 10

Rem 111, 1010

Repetit 11, 0. 20. 1111, 1. 7. 1111. 6. 21.
1111111111, ιι. 11. uuo. 11
1111101111 (1111111111) 1, 10. 2

Repetunt iv, 4. 0

Rupleruntur 1111, 11. 7

1111111111 ¹. 2. 8

&plen V, 11 10

11111111 111, 0. 4

1111111111 11, 2. 26. ’11, 10. 26

1111111111 11,4. 18. 1, 1. 21. 1, 10. 12

1111111111111 11, 1. 2

Repleverudt iii, 11. 22

11111111611 11, 10. 22

111111111111ιάι (111) supplici· 1111111111
1, 1. 20

1111111111111 consilium 11, 11. 22

Reprueutubntur 11111111 111, 10. 7-

111111111111 11, 14. 2

Repressit 11, 10. 1. 111, 6. 7

1111111111 viii. 12. 24

Repuguubut 111, 6. 27

1111111111 11, 8. 12

Repugumtem 111, 6. 24

Repugumteu ix, 1. 10

1111111111ίί viii. 2. 4

111111111111, 6. 21. 1, 2. 20

1111111111 11, 1. 26

1111111112 1, 2. 12

8111111111. 10. 26

Reputans iii, 4. 2. 111, 2. 12

1111111111ίά1 ix, 0. 26

1111111111 11, 0. 2

Requirebnnt iv, 1. 11. 11111

11111111611111, 2. 26

1111111111 11, 7. Ν. 111, 106

Requirenfium 11, 2. 10

, 1111111111 11, 2. 8. 111, 2. 21

1111111111 11, 8. 27

Romnum. 11111. 11, 111. iv,
1. 11. iv. 1. 11. iv, 1111. v, 11.

1, 2. 1. 1, 012. 1, 10. 0. 11, 2. 4.
1111, 14. 41

cxxx!

nau, 1. 11. 11111. 11. 11.,1. v,
2⁸2⁰· 1101 ’11 V, 13111 71, ⁸· 121
111,8.1

111111111111111,7. 10

2116611111. 18

Rescripsit iv, 1. 10

110202121221111, 11⁸„

1111111111111,0.24

11111111111111111111111111 1111 ludibrium
71510

11111π11111111, 7. 22

neudum humi 1111111, 7. 16

1111141611 11, 1. 22

’ 111111111111111,1.1

1111111111ᾰί 111, 4.4

1111111111οδ1 viii, 14. 28
Resistendum 11, 1621. 1, 12. 10.
Ratiatum v, 12. 18

Resoluta 1116111(1111111111111)11,0. 11
1111111111111111111111, 10. 12
1111111111111 111, 6. 11

1111111111 (languentem) 11, 8. 21
Resoluta (languidus) ix, 6. 10
111161161111111, 10. 10

111111161111, 0. 20

1111111111 11, 12. 22

1111111111 viii, 2. 0

1111111111, 11. 8 ,
Respicere 1,1. 11. 11, 10. 16
11111ρί11111 11, 11. 18. 1, 6. 22
11111118111111111, 8. 14

Respondebo 1111, 14. 42

Respondent 11, 2. 4. 11, 6. 0. vim.

, 1111111111

1111111816 1111, 6. 16

Responderunt 11, 0. 0

Respondet 111, 0. 1. 11, 2. 21 viribus
11111111111111,0.17

Respondisse 11, 1. 1. vii, 1. 11. viu.

111111111111111,’4.20

Respondit 11, 6. 2. 10. 11, 7. 28. 1,
111. ..1111111 11111.
11, 8. 12. 11, 11. 22. viii, 2. 20. 1111,
0. 22. 1111, 11. 2

Reum iv. 1. 11. iv, 11. 1. uu, 1.
131110101ἱί. 1. 1. 1111111. 11, uu

11111111111111,7.24.1,2.11ι1.1· u .

11. x, 2. 18. 1,8. 11
1111111111τί 1111, 6. 14
120!thssss 1111 111 16
Ruunt ix, 1. 14
11111111111111 11, 0. 10
11081118ῐῆ 1, 81 ²
1111110 (sueti) 1. 2. 22
1111101111, 1. 14. 111, 11. 20
Restituam (11111111) 1, 2. 6
111101111111011 11, 8. 12

 

