111 Q· 0111111111.

911001110111111, 9. 99. 11, 9. 9..19

1110010111111 1111, 19. 99

111000109111,9.99. viii, 11.1

9110111090 1111, 9. 11

1110000091 1111, 9. 19

910001οἀ110 1, 9. 19

11111101ἰί11. 9. 111, 9. 99. 111, 11. 9. 1,
10111 ,11, 2· 151 'fid-18· ,11, ⁰0
1⁵· ix, 71 ¹80 Χ, 7181 1,8·2¹ desti·
011111, 7.9 narrare) 11, 7. 99 diu·
901(110110110 111, 4. 19

1111011111 1, 9. 91

Exercenda 1100111001 tanta 91111011 1,

91111110 1110111111 unguine civium 1,

1210101990 111, 7. 19

3997919917, 11 100 11, 61 2 11, ⁰0 ⁰· 11,
9. 99. vii, 19. 19. 1111, 19. 9. 1,9.
1111119

9101011100 11, 9. 9. 11, 9. 19. 11, 9. 9.
11,19.11. 1,1.1. 1,19.11. 11, 9.
πψαηήψιωῶῃὼ

· 11,1.19.ι,9.11

Exercitus iii, 9. 17. iii. 9. 9. 11,19. 19.
11,19. 7. 99. 1, 199. 1, 7. 9. 1, 9.
51 11, 51 1.· 11, Β· Y· 111, ⁸022· 111,

Ε1110111010 111, 11. 19

1111111111 1, 1. 97

Exhauriendn 11, 9.19

Emmmmwaanass

1111101111 1111, 14. 99

Exhnustam et 110101 nciam 11, 14. 11

1111111911. ’11, 0114 Ι

Ε11111>001110 11, 19. 99

1111119111νί, 19. 19. 111, 2· 19

Exhiberetur 111, 1. 9

&hibita 1, 19. 11

Exibnt 1111, 1. 19

Exigebmtut 1111,Ι 14. 91

1111001111 1, 1. 19

Exigebntur 111, 9. 17

1111011110 1, 9. 99

9110001010 111, 1. 99

Exigenti 111, 9. 99

9110109911 11, 11. 99

9110111111, 11.11. 111, 1. 19

1111010111, 19. 9. 11, 1. 19. 11, 919.
1111, 9. 19

Exigue 9111, 181 ⁴

Exiguam 11, 9. 9

Exigui 1,9.9 ,

Exiguum 111, 4. 99

Flffi! vi. 41 131 Υ111,,11

11111111,9.7

Exilium 111, 9. 19

Eximi· caritate 111, 9. 1 religione 11, 9.
91 1111111111 1, 19910191 11, 9. 99.

mi

1111, 4. 99 101μὶ11910111, 9.9

Eximio 111, 9. 11. 11, 9. 7. 1,, 9.19. 1111,
1.19. 11, 9. 99

Elimia! 17, w· ,91111 ¹⁸· 51 111, 61910
11,7. 19

Eximio 11, 9. 7. 111,19. 4. 1111, 19.9

1111101110 (100119111110011) 11, 11.

Eximius 1111, 9. 9

9110001100110100111, 19. 94

3111911, u· ”0²⁰0 7111, 11510 11,’11

9111911111, 9.19 191010111911001) 111,

9111111001 etam (emergebant) 11, 9. 14

ΕΙ191ὡ11 ,11, 101 ¹⁴

9111111111,1. le (emergere) 111. 7

Existimant 111, 19. 14. 11, 1. 19. 11, 7.
99. 1, 9.9

Eximi 11,1.19

Existime· 11, 9.9

9111111111,’9;’9. 1, 19. 19

1111901111,11.1911Ιί11 11 ene 11010·
rum 11,9.9

9111111111 11, 9. 14 ·

Exitu 11, 9. 20

Exitum v, 7. 9

1111111111, 1.19. 111, 9. 9. 11, 9. 99. x,

1110109 11, 7. 9. 9

1110101111, 9. 99 -

1110101011111 100111011111111, 9. 99

91010100011110 long· 111010 111, 9. 97

9101011111 memorium 01110111111100111,

· , 19.17

91010191001611110101010111, 9. 9

home 11, 9. 9 conscientium 111110 11,

9101011110 11, 19. 99

Exoriente v, 9. 7

91011101 vii, 4. 99

1310111111 convivium 0001000101111 1111,

ΕΙΟΠΜ 1111, 130 21

9101011011111111, 11. 99

Exortum 11, 9. 99

Emi v, lm

Exoous 1111, 7. 11

Ε100011900111, 19. 19. 11, 9. 1. x, 914

9101011911 11, 9, 99. 1, 9. 19

111000110ιὶ9, 9. 19. 11, 9. 91. 11, 19. 9

Expectant 11, 9. 9. 7. 1111, 19. 19

9100090111 1, 9. 14

Εκο001101111111, 9. 19

911οκ110901 1117. 17

1110101110 1, 7. 9. 11, 19. 99. 1111, 19.
”0 11, ⁶· 191 Ι, ⁹· n “binium ''uw-
1111, 9. 19 s

910001110011, 9.9

 

